45901.672	    44.3787
45902.977	    45.9770
45904.352	    43.6364
45905.672	    45.4545
45907.055	    43.3839
45908.406	    44.3787
45909.750	    44.6429
45911.031	    46.8384
45912.398	    43.8917
45913.711	    45.7317
45915.078	    43.8917
45916.359	    46.8384
45917.672	    45.7317
45918.898	    48.8998
45920.148	    48.0000
45921.383	    48.6224
45922.625	    48.3092
45923.898	    47.1328
45925.133	    48.6224
45926.430	    46.2606
45927.664	    48.6224
45928.977	    45.7317
45930.242	    47.3934
45931.508	    47.3934
45932.734	    48.8998
45934.016	    46.8384
45935.297	    46.8384
45936.539	    48.3092
45937.828	    46.5477
45939.047	    49.2207
45940.328	    46.8384
45941.562	    48.6224
45942.820	    47.6948
45944.102	    46.8384
45945.312	    49.5458
45946.539	    48.8998
45947.695	    51.9031
45948.820	    53.3333
45949.938	    53.7153
45951.047	    54.1028
45952.172	    53.3333
45953.312	    52.5854
45954.414	    54.4465
45955.547	    52.9568
45956.680	    52.9568
45957.789	    54.1028
45958.945	    51.9031
45960.109	    51.5464
45961.273	    51.5464
45962.508	    48.6224
45963.773	    47.3934
45965.086	    45.7317
45966.430	    44.6429
45967.734	    45.9770
45969.031	    46.2606
45970.305	    47.1328
45971.586	    46.8384
45972.891	    45.9770
45974.172	    46.8384
45975.500	    45.1807
45976.812	    45.7317
45978.148	    44.9102
45979.469	    45.4545
45980.742	    47.1328
45982.086	    44.6429
45983.414	    45.1807
45984.742	    45.1807
45986.070	    45.1807
45987.367	    46.2606
45988.695	    45.1807
45989.977	    46.8384
45991.281	    45.9770
45992.602	    45.4545
45993.867	    47.3934
45995.195	    45.1807
45996.492	    46.2606
45997.797	    45.9770
45999.094	    46.2606
46000.414	    45.4545
46001.773	    44.1501
46003.078	    45.9770
46004.398	    45.4545
46005.680	    46.8384
46006.969	    46.5477
46008.297	    45.1807
46009.562	    47.3934
46010.867	    45.9770
46012.156	    46.5477
46013.477	    45.4545
46014.844	    43.8917
46016.164	    45.4545
46017.531	    43.8917
46018.859	    45.1807
46020.242	    43.3839
46021.641	    42.9185
46023.008	    43.8917
46024.398	    43.1344
46025.797	    42.9185
46027.148	    44.3787
46028.539	    43.1344
46029.914	    43.6364
46031.297	    43.3839
46032.672	    43.6364
46033.984	    45.7317
46035.289	    45.9770
46036.586	    46.2606
46037.867	    46.8384
46039.094	    48.8998
46040.273	    50.8475
46041.430	    51.9031
46042.617	    50.5051
46043.836	    49.2207
46045.070	    48.6224
46046.352	    46.8384
46047.656	    45.9770
46048.930	    47.1328
46050.242	    45.7317
46051.500	    47.6948
46052.758	    47.6948
46054.031	    47.1328
46055.266	    48.6224
46056.500	    48.6224
46057.672	    51.1945
46058.828	    51.9031
46059.969	    52.5854
46061.102	    52.9568
46062.211	    54.1028
46063.336	    53.3333
46064.430	    54.8446
46065.516	    55.2486
46066.594	    55.6586
46067.656	    56.4972
46068.695	    57.7478
46069.750	    56.8720
46070.836	    55.2486
46071.930	    54.8446
46073.070	    52.5854
46074.234	    51.5464
46075.461	    48.8998
46076.750	    46.5477
46078.008	    47.6948
46079.312	    45.9770
46080.586	    47.1328
46081.867	    46.8384
46083.148	    46.8384
46084.383	    48.6224
46085.680	    46.2606
46086.953	    47.1328
46088.219	    47.3934
46089.500	    46.8384
46090.766	    47.3934
46092.078	    45.7317
46093.297	    49.2207
46094.703	    42.6743
46096.000	    46.2606
46097.258	    47.6948
46098.570	    45.7317
46099.883	    45.7317
46101.305	    42.1941
46102.703	    42.9185
46104.102	    42.9185
46105.523	    42.1941
46106.859	    44.9102
46108.227	    43.8917
46109.602	    43.6364
46110.969	    43.8917
46112.312	    44.6429
46113.648	    44.9102
46114.984	    44.9102
46116.320	    44.9102
46117.734	    42.4328
46119.117	    43.3839
46120.547	    41.9580
46121.938	    43.1344
46123.344	    42.6743
46124.680	    44.9102
46126.016	    44.9102
46127.383	    43.8917
46128.719	    44.9102
46130.141	    42.1941
46131.516	    43.6364
46132.859	    44.6429
46134.219	    44.1501
46135.547	    45.1807
46136.906	    44.1501
46138.234	    45.1807
46139.547	    45.7317
46140.867	    45.4545
46142.172	    45.9770
46143.516	    44.6429
46144.875	    44.1501
46146.273	    42.9185
46147.695	    42.1941
46149.078	    43.3839
46150.445	    43.8917
46151.703	    47.6948
46152.945	    48.3092
46154.117	    51.1945
46155.258	    52.5854
46156.375	    53.7153
46157.547	    51.1945
46158.789	    48.3092
46160.062	    47.1328
46161.422	    44.1501
46162.781	    44.1501
46164.133	    44.3787
46165.523	    43.1344
46166.906	    43.3839
46168.289	    43.3839
46169.641	    44.3787
46170.930	    46.5477
46172.297	    43.8917
46173.641	    44.6429
46175.023	    43.3839
46176.375	    44.3787
46177.734	    44.1501
46179.102	    43.8917
46180.445	    44.6429
46181.836	    43.1344
46183.242	    42.6743
46184.680	    41.7246
46186.188	    39.7878
46187.594	    42.6743
46188.969	    43.6364
46190.297	    45.1807
46191.680	    43.3839
46193.047	    43.8917
46194.406	    44.1501
46195.773	    43.8917
46197.133	    44.1501
46198.523	    43.1344
46199.898	    43.6364
46201.258	    44.1501
46202.594	    44.9102
46203.914	    45.4545
46205.234	    45.4545
46206.445	    49.5458
46207.664	    49.2207
46208.891	    48.8998
46210.102	    49.5458
46211.367	    47.3934
46212.602	    48.6224
46213.852	    48.0000
46215.117	    47.3934
46216.352	    48.6224
46217.617	    47.3934
46218.852	    48.6224
46220.055	    49.8753
46221.289	    48.6224
46222.484	    50.2092
46223.711	    48.8998
46224.938	    48.8998
46226.172	    48.6224
46227.461	    46.5477
46228.766	    45.9770
46230.117	    44.3787
46231.492	    43.6364
46232.852	    44.1501
46234.219	    43.8917
46235.609	    43.1344
46236.977	    43.8917
46238.320	    44.6429
46239.688	    43.8917
46241.047	    44.1501
46242.406	    44.1501
46243.773	    43.8917
46245.117	    44.6429
46246.484	    43.8917
46247.867	    43.3839
46249.219	    44.3787
46250.562	    44.6429
46251.930	    43.8917
46253.281	    44.3787
46254.648	    43.8917
46256.031	    43.3839
46257.359	    45.1807
46258.711	    44.3787
46260.055	    44.6429
46261.336	    46.8384
46262.648	    45.7317
46263.938	    46.5477
46265.195	    47.6948
46266.453	    47.6948
46267.641	    50.5051
46268.828	    50.5051
46270.016	    50.5051
46271.172	    51.9031
46272.383	    49.5458
46273.648	    47.3934
46274.898	    48.0000
46276.234	    44.9102
46277.516	    46.8384
46278.844	    45.1807
46280.109	    47.3934
46281.391	    46.8384
46282.688	    46.2606
46283.922	    48.6224
46285.203	    46.8384
46286.469	    47.3934
46287.797	    45.1807
46289.156	    44.1501
46290.523	    43.8917
46291.922	    42.9185
46293.258	    44.9102
46294.617	    44.1501
46296.000	    43.3839
46297.352	    44.3787
46298.695	    44.6429
46300.047	    44.3787
46301.359	    45.7317
46302.695	    44.9102
46304.031	    44.9102
46305.352	    45.4545
46306.719	    43.8917
46308.117	    42.9185
46309.508	    43.1344
46310.898	    43.1344
46312.281	    43.3839
46313.602	    45.4545
46314.953	    44.3787
46316.297	    44.6429
46317.609	    45.7317
46318.977	    43.8917
46320.344	    43.8917
46321.719	    43.6364
46323.133	    42.4328
46324.516	    43.3839
46325.906	    43.1344
46327.242	    44.9102
46328.609	    43.8917
46329.992	    43.3839
46331.336	    44.6429
46332.711	    43.6364
46334.086	    43.6364
46335.406	    45.4545
46336.781	    43.6364
46338.133	    44.3787
46339.453	    45.4545
46340.859	    42.6743
46342.234	    43.6364
46343.594	    44.1501
46344.969	    43.6364
46346.320	    44.3787
46347.703	    43.3839
46349.062	    44.1501
46350.398	    44.9102
46351.773	    43.6364
46353.148	    43.6364
46354.492	    44.6429
46355.891	    42.9185
46357.266	    43.6364
46358.656	    43.1344
46360.039	    43.3839
46361.359	    45.4545
46362.695	    44.9102
46364.047	    44.3787
46365.352	    45.9770
46366.711	    44.1501
46368.070	    44.1501
46369.453	    43.3839
46370.852	    42.9185
46372.188	    44.9102
46373.508	    45.4545
46374.844	    44.9102
46376.141	    46.2606
46377.469	    45.1807
46378.820	    44.3787
46380.180	    44.1501
46381.586	    42.6743
46382.992	    42.6743
46384.367	    43.6364
46385.805	    41.7246
46387.180	    43.6364
46388.547	    43.8917
46389.867	    45.4545
46391.133	    47.3934
46392.422	    46.5477
46393.703	    46.8384
46394.984	    46.8384
46396.312	    45.1807
46397.672	    44.1501
46398.977	    45.9770
46400.336	    44.1501
46401.727	    43.1344
46403.109	    43.3839
46404.539	    41.9580
46405.945	    42.6743
46407.391	    41.5225
46408.797	    42.6743
46410.133	    44.9102
46411.445	    45.7317
46412.766	    45.4545
46414.070	    45.9770
46415.445	    43.6364
46416.852	    42.6743
46418.258	    42.6743
46419.680	    42.1941
46421.070	    43.1344
46422.469	    42.9185
46423.852	    43.3839
46425.195	    44.6429
46426.586	    43.1344
46428.016	    41.9580
46429.352	    44.9102
46430.672	    45.4545
46432.016	    44.6429
46433.328	    45.7317
46434.734	    42.6743
46436.133	    42.9185
46437.531	    42.9185
46438.938	    42.6743
46440.375	    41.7246
46441.789	    42.4328
46443.180	    43.1344
46444.508	    45.1807
46445.875	    43.8917
46447.258	    43.3839
46448.609	    44.3787
46450.062	    41.2939
46451.500	    41.7246
46452.820	    45.4545
46454.125	    45.9770
46455.375	    48.0000
46456.570	    50.2092
46457.867	    46.2606
46459.266	    42.9185
46460.812	    38.7847
46462.344	    39.1901
46463.883	    38.9864
46465.422	    38.9864
46466.883	    41.0678
46468.320	    41.7246
46469.742	    42.1941
46471.102	    44.1501
46472.461	    44.1501
46473.820	    44.1501
46475.148	    45.1807
46476.516	    43.8917
46477.922	    42.6743
46479.305	    43.3839
46480.734	    41.9580
46482.172	    41.7246
46483.609	    41.7246
46485.055	    41.5225
46486.492	    41.7246
46487.969	    40.6229
46489.414	    41.5225
46490.750	    44.9102
46492.070	    45.4545
46493.391	    45.4545
46494.711	    45.4545
46496.133	    42.1941
46497.617	    40.4313
46499.109	    40.2145
46500.531	    42.1941
46501.945	    42.4328
46503.375	    41.9580
46504.766	    43.1344
46506.148	    43.3839
46507.508	    44.1501
46508.859	    44.3787
46510.172	    45.7317
46511.414	    48.3092
46512.656	    48.3092
46513.859	    49.8753
46515.164	    45.9770
46516.516	    44.3787
46518.070	    38.5852
46519.617	    38.7847
46521.117	    40.0000
46522.562	    41.5225
46523.898	    44.9102
46525.242	    44.6429
46526.539	    46.2606
46527.766	    48.8998
46528.992	    48.8998
46530.188	    50.2092
46531.352	    51.5464
46532.617	    47.3934
46534.016	    42.9185
46535.398	    43.3839
46536.898	    40.0000
46538.383	    40.4313
46539.828	    41.5225
46541.289	    41.0678
46542.719	    41.9580
46544.148	    41.9580
46545.539	    43.1344
46546.867	    45.1807
46548.156	    46.5477
46549.500	    44.6429
46550.867	    43.8917
46551.867	    60.0000
46553.680	    33.1126
46555.016	    44.9102
46556.352	    44.9102
46557.734	    43.3839
46559.102	    43.8917
46560.508	    42.6743
46561.945	    41.7246
46563.359	    42.4328
46564.812	    41.2939
46566.258	    41.5225
46567.680	    42.1941
46569.078	    42.9185
46570.484	    42.6743
46571.852	    43.8917
46573.188	    44.9102
46574.562	    43.6364
46575.961	    42.9185
46577.406	    41.5225
46578.852	    41.5225
46580.266	    42.4328
46581.680	    42.4328
46583.055	    43.6364
46584.422	    43.8917
46585.805	    43.3839
46587.164	    44.1501
46588.531	    43.8917
46589.922	    43.1344
46591.281	    44.1501
46592.680	    42.9185
46594.070	    43.1344
46595.453	    43.3839
46596.828	    43.6364
46598.211	    43.3839
46599.602	    43.1344
46600.992	    43.1344
46602.344	    44.3787
46603.734	    43.1344
46605.109	    43.6364
46606.500	    43.1344
46607.875	    43.6364
46609.180	    45.9770
46610.508	    45.1807
46611.812	    45.9770
46613.062	    48.0000
46614.336	    47.1328
46615.625	    46.5477
46616.914	    46.5477
46618.273	    44.1501
46619.656	    43.3839
46621.078	    42.1941
46622.531	    41.2939
46623.930	    42.9185
46625.328	    42.9185
46626.727	    42.9185
46628.039	    45.7317
46629.359	    45.4545
46630.695	    44.9102
46631.984	    46.5477
46633.320	    44.9102
46634.641	    45.4545
46635.969	    45.1807
46637.305	    44.9102
46638.594	    46.5477
46639.867	    47.1328
46641.188	    45.4545
46642.500	    45.7317
46643.836	    44.9102
46645.234	    42.9185
46646.586	    44.3787
46648.031	    41.5225
46649.445	    42.4328
46650.852	    42.6743
46652.289	    41.7246
46653.719	    41.9580
46655.086	    43.8917
46656.414	    45.1807
46657.688	    47.1328
46658.984	    46.2606
46660.266	    46.8384
46661.492	    48.8998
46662.742	    48.0000
46663.945	    49.8753
46665.227	    46.8384
46666.516	    46.5477
46667.852	    44.9102
46669.180	    45.1807
46670.398	    49.2207
46671.664	    47.3934
46672.906	    48.3092
46674.320	    42.4328
46675.891	    38.2166
46677.375	    40.4313
46678.938	    38.4123
46680.414	    40.6229
46681.914	    40.0000
46683.375	    41.0678
46684.766	    43.1344
46686.156	    43.1344
46687.516	    44.1501
46688.875	    44.1501
46690.312	    41.7246
46691.766	    41.2939
46693.180	    42.4328
46694.625	    41.5225
46696.039	    42.4328
46697.430	    43.1344
46698.828	    42.9185
46700.148	    45.4545
46701.484	    44.9102
46702.852	    43.8917
46704.195	    44.6429
46705.602	    42.6743
46707.125	    39.3959
46708.539	    42.4328
46709.977	    41.7246
46711.320	    44.6429
46712.750	    41.9580
46714.297	    38.7847
46715.711	    42.4328
46717.141	    41.9580
46718.586	    41.5225
46719.984	    42.9185
46721.414	    41.9580
46722.766	    44.3787
46724.195	    41.9580
46725.562	    43.8917
46726.766	    49.8753
46728.016	    48.0000
46729.414	    42.9185
46730.945	    39.1901
46732.609	    36.0577
46734.172	    38.4123
46735.797	    36.9231
46737.516	    34.9040
46739.133	    37.1058
46740.641	    39.7878
46742.047	    42.6743
46743.469	    42.1941
46744.781	    45.7317
46745.969	    50.5051
46747.242	    47.1328
46748.523	    46.8384
46749.750	    48.8998
46751.055	    45.9770
46752.375	    45.4545
46753.711	    44.9102
46755.109	    42.9185
46756.469	    44.1501
46757.852	    43.3839
46759.273	    42.1941
46760.656	    43.3839
46762.133	    40.6229
46763.586	    41.2939
46764.961	    43.6364
46766.422	    41.0678
46767.891	    40.8441
46769.328	    41.7246
46770.812	    40.4313
46772.219	    42.6743
46773.688	    40.8441
46775.109	    42.1941
46776.523	    42.4328
46778.016	    40.2145
46779.477	    41.0678
46781.000	    39.3959
46782.477	    40.6229
46783.773	    46.2606
46785.008	    48.6224
46786.164	    51.9031
46787.391	    48.8998
46788.594	    49.8753
46789.906	    45.7317
46791.273	    43.8917
46792.758	    40.4313
46794.328	    38.2166
46795.891	    38.4123
46797.375	    40.4313
46798.734	    44.1501
46800.133	    42.9185
46801.484	    44.3787
46802.805	    45.4545
46804.195	    43.1344
46805.570	    43.6364
46806.945	    43.6364
46808.359	    42.4328
46809.742	    43.3839
46811.141	    42.9185
46812.570	    41.9580
46813.961	    43.1344
46815.430	    40.8441
46816.914	    40.4313
46818.297	    43.3839
46819.773	    40.6229
46821.203	    41.9580
46822.648	    41.5225
46824.109	    41.0678
46825.508	    42.9185
46826.961	    41.2939
46828.359	    42.9185
46829.711	    44.3787
46831.133	    42.1941
46832.578	    41.5225
46833.977	    42.9185
46835.336	    44.1501
46836.672	    44.9102
46838.031	    44.1501
46839.484	    41.2939
46840.875	    43.1344
46842.344	    40.8441
46843.883	    38.9864
46845.312	    41.9580
46846.766	    41.2939
46848.180	    42.4328
46849.594	    42.4328
46851.078	    40.4313
46852.508	    41.9580
46853.969	    41.0678
46855.422	    41.2939
46856.781	    44.1501
46858.258	    40.6229
46859.781	    39.3959
46861.180	    42.9185
46862.625	    41.5225
46864.047	    42.1941
46865.508	    41.0678
46867.008	    40.0000
46868.477	    40.8441
46869.953	    40.6229
46871.367	    42.4328
46872.766	    42.9185
46874.172	    42.6743
46875.578	    42.6743
46877.016	    41.7246
46878.477	    41.0678
46879.875	    42.9185
46881.336	    41.0678
46882.820	    40.4313
46884.250	    41.9580
46885.719	    40.8441
46887.164	    41.5225
46888.555	    43.1344
46889.977	    42.1941
46891.375	    42.9185
46892.766	    43.1344
46894.148	    43.3839
46895.516	    43.8917
46896.844	    45.1807
46898.211	    43.8917
46899.539	    45.1807
46900.844	    45.9770
46902.164	    45.4545
46903.219	    56.8720
46904.812	    37.6412
46906.227	    42.4328
46907.570	    44.6429
46908.938	    43.8917
46910.289	    44.3787
46911.648	    44.1501
46913.016	    43.8917
46914.375	    44.1501
46915.750	    43.6364
46917.109	    44.1501
46918.445	    44.9102
46919.820	    43.6364
46921.195	    43.6364
46922.547	    44.3787
46923.906	    44.1501
46925.203	    46.2606
46926.516	    45.7317
46927.852	    44.9102
46929.156	    45.9770
46930.562	    42.6743
46931.969	    42.6743
46933.359	    43.1344
46934.805	    41.5225
46936.227	    42.1941
46937.641	    42.4328
46939.031	    43.1344
46940.422	    43.1344
46941.859	    41.7246
46943.305	    41.5225
46944.695	    43.1344
46946.133	    41.7246
46947.578	    41.5225
46948.992	    42.4328
46950.438	    41.5225
46951.844	    42.6743
46953.266	    42.1941
46954.688	    42.1941
46956.117	    41.9580
46957.508	    43.1344
46958.906	    42.9185
46960.273	    43.8917
46961.703	    41.9580
46963.141	    41.7246
46964.531	    43.1344
46965.969	    41.7246
46967.383	    42.4328
46968.789	    42.6743
46970.180	    43.1344
46971.539	    44.1501
46972.945	    42.6743
46974.297	    44.3787
46975.594	    46.2606
46976.906	    45.7317
46978.195	    46.5477
46979.508	    45.7317
46980.875	    43.8917
46982.242	    43.8917
46983.609	    43.8917
46984.984	    43.6364
46986.320	    44.9102
46987.641	    45.4545
46988.938	    46.2606
46990.195	    47.6948
46991.492	    46.2606
46992.789	    46.2606
46994.039	    48.0000
46995.336	    46.2606
46996.648	    45.7317
46997.922	    47.1328
46999.266	    44.6429
47000.617	    44.3787
47001.945	    45.1807
47003.320	    43.6364
47004.695	    43.6364
47006.008	    45.7317
47007.383	    43.6364
47008.766	    43.3839
47010.109	    44.6429
47011.422	    45.7317
47012.656	    48.6224
47013.914	    47.6948
47015.164	    48.0000
47016.391	    48.8998
47017.672	    46.8384
47018.898	    48.8998
47020.133	    48.6224
47021.469	    44.9102
47022.805	    44.9102
47024.172	    43.8917
47025.547	    43.6364
47026.859	    45.7317
47028.203	    44.6429
47029.547	    44.6429
47030.836	    46.5477
47032.156	    45.4545
47033.453	    46.2606
47034.750	    46.2606
47036.086	    44.9102
47037.406	    45.4545
47038.750	    44.6429
47040.109	    44.1501
47041.477	    43.8917
47042.859	    43.3839
47044.266	    42.6743
47045.633	    43.8917
47047.047	    42.4328
47048.492	    41.5225
47049.914	    42.1941
47051.445	    39.1901
47052.938	    40.2145
47054.445	    39.7878
47055.953	    39.7878
47057.414	    41.0678
47058.891	    40.6229
47060.367	    40.6229
47061.773	    42.6743
47063.234	    41.0678
47064.648	    42.4328
47066.055	    42.6743
47067.461	    42.6743
47068.836	    43.6364
47070.242	    42.6743
47071.648	    42.6743
47073.031	    43.3839
47074.453	    42.1941
47075.828	    43.6364
47077.250	    42.1941
47078.664	    42.4328
47080.070	    42.6743
47081.477	    42.6743
47082.867	    43.1344
47084.297	    41.9580
47085.711	    42.4328
47087.078	    43.8917
47088.484	    42.6743
47089.875	    43.1344
47091.281	    42.6743
47092.688	    42.6743
47094.055	    43.8917
47095.445	    43.1344
47096.820	    43.6364
47098.133	    45.7317
47099.453	    45.4545
47100.797	    44.6429
47102.109	    45.7317
47103.477	    43.8917
47104.844	    43.8917
47106.203	    44.1501
47107.562	    44.1501
47108.906	    44.6429
47110.258	    44.3787
47111.625	    43.8917
47112.938	    45.7317
47114.266	    45.1807
47115.609	    44.6429
47116.914	    45.9770
47118.195	    46.8384
47119.453	    47.6948
47120.688	    48.6224
47121.969	    46.8384
47123.242	    47.1328
47124.516	    47.1328
47125.820	    45.9770
47127.102	    46.8384
47128.445	    44.6429
47129.812	    43.8917
47131.164	    44.3787
47132.523	    44.1501
47133.820	    46.2606
47135.148	    45.1807
47136.484	    44.9102
47137.766	    46.8384
47139.102	    44.9102
47140.453	    44.3787
47141.758	    45.9770
47143.102	    44.6429
47144.422	    45.4545
47145.719	    46.2606
47147.039	    45.4545
47148.320	    46.8384
47149.586	    47.3934
47150.812	    48.8998
47152.008	    50.2092
47153.219	    49.5458
47154.375	    51.9031
47155.594	    49.2207
47156.828	    48.6224
47158.094	    47.3934
47159.469	    43.6364
47160.859	    43.1344
47162.250	    43.1344
47163.664	    42.4328
47165.039	    43.6364
47166.422	    43.3839
47167.789	    43.8917
47169.109	    45.4545
47170.484	    43.6364
47171.859	    43.6364
47173.094	    48.6224
47174.312	    49.2207
47175.492	    50.8475
47176.656	    51.5464
47177.797	    52.5854
47178.898	    54.4465
47180.000	    54.4465
47181.078	    55.6586
47182.117	    57.7478
47183.148	    58.1959
47184.203	    56.8720
47185.289	    55.2486
47186.375	    55.2486
47187.508	    52.9568
47188.695	    50.5051
47189.867	    51.1945
47191.055	    50.5051
47192.211	    51.9031
47193.352	    52.5854
47194.500	    52.2648
47195.672	    51.1945
47196.883	    49.5458
47198.242	    44.1501
47199.711	    40.8441
47201.133	    42.1941
47202.625	    40.2145
47204.148	    39.3959
47205.633	    40.4313
47207.117	    40.4313
47208.547	    41.9580
47209.969	    42.1941
47211.406	    41.7246
47212.844	    41.7246
47214.289	    41.5225
47215.750	    41.0678
47217.172	    42.1941
47218.531	    44.1501
47219.930	    42.9185
47221.328	    42.9185
47222.688	    44.1501
47224.086	    42.9185
47225.453	    43.8917
47226.789	    44.9102
47228.141	    44.3787
47229.461	    45.4545
47230.805	    44.6429
47232.188	    43.3839
47233.492	    45.9770
47234.852	    44.1501
47236.219	    43.8917
47237.531	    45.7317
47238.867	    44.9102
47240.203	    44.9102
47241.508	    45.9770
47242.859	    44.3787
47244.195	    44.9102
47245.555	    44.1501
47246.930	    43.6364
47248.258	    45.1807
47249.578	    45.4545
47250.891	    45.7317
47252.156	    47.3934
47253.469	    45.7317
47254.758	    46.5477
47256.008	    48.0000
47257.250	    48.3092
47258.523	    47.1328
47259.742	    49.2207
47260.992	    48.0000
47262.289	    46.2606
47263.555	    47.3934
47264.898	    44.6429
47266.219	    45.4545
47267.500	    46.8384
47268.805	    45.9770
47270.117	    45.7317
47271.398	    46.8384
47272.688	    46.5477
47273.992	    45.9770
47275.273	    46.8384
47276.602	    45.1807
47277.945	    44.6429
47279.289	    44.6429
47280.656	    43.8917
47281.945	    46.5477
47283.219	    47.1328
47284.492	    47.1328
47285.719	    48.8998
47287.016	    46.2606
47288.359	    44.6429
47289.664	    45.9770
47291.023	    44.1501
47292.430	    42.6743
47293.766	    44.9102
47295.102	    44.9102
47296.422	    45.4545
47297.727	    45.9770
47299.031	    45.9770
47300.273	    48.3092
47301.523	    48.0000
47302.766	    48.3092
47304.008	    48.3092
47305.297	    46.5477
47306.609	    45.7317
47307.891	    46.8384
47309.227	    44.9102
47310.594	    43.8917
47311.914	    45.4545
47313.273	    44.1501
47314.648	    43.6364
47315.938	    46.5477
47317.281	    44.6429
47318.617	    44.9102
47319.930	    45.7317
47320.719	    76.0456
47321.227	    118.110
47322.594	    43.8917
47323.828	    48.6224
47325.125	    46.2606
47326.477	    44.3787
47327.820	    44.6429
47329.234	    42.4328
47330.625	    43.1344
47331.992	    43.8917
47333.352	    44.1501
47334.625	    47.1328
47335.891	    47.3934
47337.172	    46.8384
47338.406	    48.6224
47339.664	    47.6948
47340.992	    45.1807
47342.320	    45.1807
47343.766	    41.5225
47345.242	    40.6229
47346.672	    41.9580
47348.102	    41.9580
47349.484	    43.3839
47350.859	    43.6364
47352.250	    43.1344
47353.578	    45.1807
47354.875	    46.2606
47356.180	    45.9770
47357.477	    46.2606
47358.773	    46.2606
47360.078	    45.9770
47361.383	    45.9770
47362.680	    46.2606
47364.023	    44.6429
47365.352	    45.1807
47366.703	    44.3787
47368.094	    43.1344
47369.438	    44.6429
47370.797	    44.1501
47372.180	    43.3839
47373.523	    44.6429
47374.883	    44.1501
47376.227	    44.6429
47377.562	    44.9102
47378.938	    43.6364
47380.328	    43.1344
47381.648	    45.4545
47383.008	    44.1501
47384.352	    44.6429
47385.664	    45.7317
47387.016	    44.3787
47388.352	    44.9102
47389.680	    45.1807
47391.039	    44.1501
47392.375	    44.9102
47393.758	    43.3839
47395.156	    42.9185
47396.516	    44.1501
47397.859	    44.6429
47399.219	    44.1501
47400.508	    46.5477
47401.812	    45.9770
47403.094	    46.8384
47404.352	    47.6948
47405.680	    45.1807
47407.008	    45.1807
47408.336	    45.1807
47409.664	    45.1807
47410.945	    46.8384
47412.227	    46.8384
47413.508	    46.8384
47414.711	    49.8753
47415.977	    47.3934
47417.289	    45.7317
47418.586	    46.2606
47419.938	    44.3787
47421.266	    45.1807
47422.570	    45.9770
47423.906	    44.9102
47425.195	    46.5477
47426.492	    46.2606
47427.781	    46.5477
47429.047	    47.3934
47430.312	    47.3934
47431.523	    49.5458
47432.680	    51.9031
47433.938	    47.6948
47435.258	    45.4545
47436.578	    45.4545
47437.922	    44.6429
47439.266	    44.6429
47440.656	    43.1344
47442.070	    42.4328
47443.414	    44.6429
47444.781	    43.8917
47446.133	    44.3787
47447.477	    44.6429
47448.852	    43.6364
47450.195	    44.6429
47451.570	    43.6364
47452.969	    42.9185
47454.312	    44.6429
47455.672	    44.1501
47457.039	    43.8917
47458.289	    48.0000
47459.539	    48.0000
47460.812	    47.1328
47462.031	    49.2207
47463.305	    47.1328
47464.625	    45.4545
47466.023	    42.9185
47467.484	    41.0678
47468.891	    42.6743
47470.383	    40.2145
47471.812	    41.9580
47473.188	    43.6364
47474.586	    42.9185
47475.961	    43.6364
47477.320	    44.1501
47478.703	    43.3839
47480.039	    44.9102
47481.398	    44.1501
47482.781	    43.3839
47484.133	    44.3787
47485.547	    42.4328
47486.984	    41.7246
47488.375	    43.1344
47489.812	    41.7246
47491.234	    42.1941
47492.617	    43.3839
47494.016	    42.9185
47495.375	    44.1501
47496.719	    44.6429
47498.086	    43.8917
47499.453	    43.8917
47500.852	    42.9185
47502.312	    41.0678
47503.703	    43.1344
47505.141	    41.7246
47506.547	    42.6743
47507.945	    42.9185
47509.352	    42.6743
47510.672	    45.4545
47512.055	    43.3839
47513.406	    44.3787
47514.688	    46.8384
47516.023	    44.9102
47517.375	    44.3787
47518.742	    43.8917
47520.086	    44.6429
47521.375	    46.5477
47522.695	    45.4545
47524.008	    45.7317
47525.273	    47.3934
47526.633	    44.1501
47528.062	    41.9580
47529.492	    41.9580
47530.977	    40.4313
47532.414	    41.7246
47533.898	    40.4313
47535.359	    41.0678
47536.742	    43.3839
47538.125	    43.3839
47539.492	    43.8917
47540.867	    43.6364
47542.273	    42.6743
47543.664	    43.1344
47545.094	    41.9580
47546.547	    41.2939
47547.945	    42.9185
47549.336	    43.1344
47550.734	    42.9185
47552.055	    45.4545
47553.406	    44.3787
47554.805	    42.9185
47556.195	    43.1344
47557.617	    42.1941
47559.039	    42.1941
47560.469	    41.9580
47561.938	    40.8441
47563.359	    42.1941
47564.797	    41.7246
47566.227	    41.9580
47567.570	    44.6429
47568.945	    43.6364
47570.281	    44.9102
47571.664	    43.3839
47573.086	    42.1941
47574.477	    43.1344
47575.875	    42.9185
47577.266	    43.1344
47578.609	    44.6429
47580.039	    41.9580
47581.469	    41.9580
47582.875	    42.6743
47584.305	    41.9580
47585.680	    43.6364
47587.078	    42.9185
47588.508	    41.9580
47589.891	    43.3839
47591.305	    42.4328
47592.688	    43.3839
47594.062	    43.6364
47595.492	    41.9580
47596.906	    42.4328
47598.328	    42.1941
47599.773	    41.5225
47601.172	    42.9185
47602.648	    40.6229
47604.117	    40.8441
47605.516	    42.9185
47606.914	    42.9185
47608.289	    43.6364
47609.609	    45.4545
47610.984	    43.6364
47612.328	    44.6429
47613.703	    43.6364
47615.086	    43.3839
47616.422	    44.9102
47617.820	    42.9185
47619.219	    42.9185
47620.625	    42.6743
47622.078	    41.2939
47623.500	    42.1941
47624.961	    41.0678
47626.352	    43.1344
47627.719	    43.8917
47629.164	    41.5225
47630.594	    41.9580
47631.969	    43.6364
47633.375	    42.6743
47634.766	    43.1344
47636.188	    42.1941
47637.656	    40.8441
47639.070	    42.4328
47640.531	    41.0678
47641.969	    41.7246
47643.414	    41.5225
47644.875	    41.0678
47646.289	    42.4328
47647.656	    43.8917
47648.984	    45.1807
47650.305	    45.4545
47651.664	    44.1501
47652.992	    45.1807
47654.352	    44.1501
47655.758	    42.6743
47657.086	    45.1807
47658.461	    43.6364
47659.859	    42.9185
47661.258	    42.9185
47662.625	    43.8917
47663.984	    44.1501
47665.320	    44.9102
47666.711	    43.1344
47668.125	    42.4328
47669.586	    41.0678
47671.047	    41.0678
47672.453	    42.6743
47673.875	    42.1941
47675.281	    42.6743
47676.625	    44.6429
47677.992	    43.8917
47679.359	    43.8917
47680.680	    45.4545
47682.062	    43.3839
47683.453	    43.1344
47684.844	    43.1344
47686.289	    41.5225
47687.703	    42.4328
47689.125	    42.1941
47690.539	    42.4328
47691.891	    44.3787
47693.336	    41.5225
47694.742	    42.6743
47696.156	    42.4328
47697.617	    41.0678
47699.008	    43.1344
47700.430	    42.1941
47701.867	    41.7246
47703.258	    43.1344
47704.680	    42.1941
47706.102	    42.1941
47707.477	    43.6364
47708.906	    41.9580
47710.273	    43.8917
47711.672	    42.9185
47713.039	    43.8917
47714.383	    44.6429
47715.750	    43.8917
47717.078	    45.1807
47718.469	    43.1344
47719.883	    42.4328
47721.258	    43.6364
47722.742	    40.4313
47724.195	    41.2939
47725.672	    40.6229
47727.164	    40.2145
47728.570	    42.6743
47729.984	    42.4328
47731.445	    41.0678
47732.859	    42.4328
47734.328	    40.8441
47735.781	    41.2939
47737.219	    41.7246
47738.648	    41.9580
47740.047	    42.9185
47741.477	    41.9580
47742.930	    41.2939
47744.328	    42.9185
47745.797	    40.8441
47747.281	    40.4313
47748.719	    41.7246
47750.180	    41.0678
47751.617	    41.7246
47753.016	    42.9185
47754.430	    42.4328
47755.789	    44.1501
47757.148	    44.1501
47758.523	    43.6364
47759.852	    45.1807
47761.242	    43.1344
47762.672	    41.9580
47764.141	    40.8441
47765.609	    40.8441
47766.992	    43.3839
47768.367	    43.6364
47769.734	    43.8917
47771.125	    43.1344
47772.570	    41.5225
47773.984	    42.4328
47775.398	    42.4328
47776.797	    42.9185
47778.141	    44.6429
47779.539	    42.9185
47780.930	    43.1344
47782.273	    44.6429
47783.695	    42.1941
47785.086	    43.1344
47786.453	    43.8917
47787.883	    41.9580
47789.250	    43.8917
47790.641	    43.1344
47792.070	    41.9580
47793.453	    43.3839
47794.875	    42.1941
47796.211	    44.9102
47797.508	    46.2606
47798.812	    45.9770
47800.023	    49.5458
47801.305	    46.8384
47802.625	    45.4545
47804.055	    41.9580
47805.500	    41.5225
47806.898	    42.9185
47808.312	    42.4328
47809.719	    42.6743
47811.172	    41.2939
47812.617	    41.5225
47813.953	    44.9102
47815.266	    45.7317
47816.555	    46.5477
47817.859	    45.9770
47819.305	    41.5225
47820.688	    43.3839
47822.164	    40.6229
47823.680	    39.5778
47825.180	    40.0000
47826.734	    38.5852
47828.219	    40.4313
47829.688	    40.8441
47831.133	    41.5225
47832.516	    43.3839
47833.953	    41.7246
47835.359	    42.6743
47836.805	    41.5225
47838.320	    39.5778
47839.797	    40.6229
47841.297	    40.0000
47842.727	    41.9580
47843.984	    47.6948
47845.281	    46.2606
47846.555	    47.1328
47847.828	    47.1328
47849.195	    43.8917
47850.547	    44.3787
47851.938	    43.1344
47853.375	    41.7246
47854.719	    44.6429
47856.086	    43.8917
47857.492	    42.6743
47858.836	    44.6429
47860.164	    45.1807
47861.453	    46.5477
47862.719	    47.3934
47864.070	    44.3787
47865.414	    44.6429
47866.734	    45.4545
47868.172	    41.7246
47869.641	    40.8441
47870.375	    81.7439
47872.359	    30.2419
47874.078	    34.9040
47875.641	    38.4123
47877.078	    41.7246
47878.383	    45.9770
47879.703	    45.4545
47880.992	    46.5477
47882.305	    45.7317
47883.648	    44.6429
47884.953	    45.9770
47886.359	    42.6743
47887.805	    41.5225
47889.195	    43.1344
47890.688	    40.2145
47892.102	    42.4328
47893.508	    42.6743
47894.875	    43.8917
47896.195	    45.4545
47897.555	    44.1501
47898.930	    43.6364
47900.211	    46.8384
47901.555	    44.6429
47902.938	    43.3839
47904.234	    46.2606
47905.578	    44.6429
47906.938	    44.1501
47908.258	    45.4545
47909.633	    43.6364
47910.961	    45.1807
47912.336	    43.6364
47913.719	    43.3839
47915.047	    45.1807
47916.430	    43.3839
47917.773	    44.6429
47919.086	    45.7317
47920.445	    44.1501
47921.766	    45.4545
47923.086	    45.4545
47924.438	    44.3787
47925.742	    45.9770
47927.086	    44.6429
47928.438	    44.3787
47929.719	    46.8384
47931.031	    45.7317
47932.336	    45.9770
47933.570	    48.6224
47934.883	    45.7317
47936.234	    44.3787
47937.586	    44.3787
47938.961	    43.6364
47940.297	    44.9102
47941.633	    44.9102
47943.023	    43.1344
47944.359	    44.9102
47945.781	    42.1941
47947.195	    42.4328
47948.523	    45.1807
47949.906	    43.3839
47951.297	    43.1344
47952.609	    45.7317
47953.977	    43.8917
47955.312	    44.9102
47956.641	    45.1807
47958.031	    43.1344
47959.375	    44.6429
47960.711	    44.9102
47962.109	    42.9185
47963.461	    44.3787
47964.836	    43.6364
47966.227	    43.1344
47967.539	    45.7317
47968.906	    43.8917
47970.297	    43.1344
47971.594	    46.2606
47972.945	    44.3787
47974.336	    43.1344
47975.672	    44.9102
47977.078	    42.6743
47978.422	    44.6429
47979.703	    46.8384
47981.016	    45.7317
47982.352	    44.9102
47983.617	    47.3934
47984.961	    44.6429
47986.281	    45.4545
47987.648	    43.8917
47989.102	    41.2939
47990.430	    45.1807
47991.797	    43.8917
47993.086	    46.5477
47994.391	    45.9770
47995.742	    44.3787
47997.023	    46.8384
47998.406	    43.3839
47999.828	    42.1941
48001.188	    44.1501
48002.672	    40.4313
48004.094	    42.1941
48005.484	    43.1344
48006.875	    43.1344
48008.203	    45.1807
48009.609	    42.6743
48011.062	    41.2939
48012.438	    43.6364
48013.859	    42.1941
48015.250	    43.1344
48016.562	    45.7317
48017.922	    44.1501
48019.234	    45.7317
48020.516	    46.8384
48021.859	    44.6429
48023.211	    44.3787
48024.523	    45.7317
48025.875	    44.3787
48027.219	    44.6429
48028.539	    45.4545
48029.906	    43.8917
48031.203	    46.2606
48032.578	    43.6364
48033.969	    43.1344
48035.281	    45.7317
48036.664	    43.3839
48038.047	    43.3839
48039.352	    45.9770
48040.703	    44.3787
48042.078	    43.6364
48043.398	    45.4545
48044.805	    42.6743
48046.219	    42.4328
48047.594	    43.6364
48049.023	    41.9580
48050.398	    43.6364
48051.734	    44.9102
48053.102	    43.8917
48054.414	    45.7317
48055.742	    45.1807
48057.086	    44.6429
48058.375	    46.5477
48059.719	    44.6429
48061.086	    43.8917
48062.391	    45.9770
48063.742	    44.3787
48065.062	    45.4545
48066.414	    44.3787
48067.797	    43.3839
48069.102	    45.9770
48070.477	    43.6364
48071.859	    43.3839
48073.141	    46.8384
48074.477	    44.9102
48075.812	    44.9102
48077.102	    46.5477
48078.477	    43.6364
48079.828	    44.3787
48081.117	    46.5477
48082.477	    44.1501
48083.852	    43.6364
48085.148	    46.2606
48086.492	    44.6429
48087.820	    45.1807
48089.109	    46.5477
48090.438	    45.1807
48091.750	    45.7317
48093.039	    46.5477
48094.320	    46.8384
48095.570	    48.0000
48096.875	    45.9770
48098.219	    44.6429
48099.500	    46.8384
48100.844	    44.6429
48102.164	    45.4545
48103.414	    48.0000
48104.711	    46.2606
48105.992	    46.8384
48107.258	    47.3934
48108.578	    45.4545
48109.898	    45.4545
48111.164	    47.3934
48112.508	    44.6429
48113.781	    47.1328
48115.133	    44.3787
48116.562	    41.9580
48117.859	    46.2606
48119.211	    44.3787
48120.547	    44.9102
48121.883	    44.9102
48123.297	    42.4328
48124.594	    46.2606
48125.953	    44.1501
48127.328	    43.6364
48128.656	    45.1807
48130.039	    43.3839
48131.406	    43.8917
48132.688	    46.8384
48133.953	    47.3934
48135.250	    46.2606
48136.570	    45.4545
48137.859	    46.5477
48139.266	    42.6743
48140.625	    44.1501
48142.070	    41.5225
48143.539	    40.8441
48144.930	    43.1344
48146.406	    40.6229
48147.844	    41.7246
48149.258	    42.4328
48150.664	    42.6743
48152.023	    44.1501
48153.445	    42.1941
48154.859	    42.4328
48156.258	    42.9185
48157.680	    42.1941
48159.047	    43.8917
48160.461	    42.4328
48161.867	    42.6743
48163.234	    43.8917
48164.617	    43.3839
48165.984	    43.8917
48167.375	    43.1344
48168.852	    40.6229
48170.266	    42.4328
48171.617	    44.3787
48172.914	    46.2606
48174.188	    47.1328
48175.492	    45.9770
48176.766	    47.1328
48178.133	    43.8917
48179.703	    38.2166
48181.227	    39.3959
48182.750	    39.3959
48184.141	    43.1344
48185.508	    43.8917
48186.875	    43.8917
48188.156	    46.8384
48189.516	    44.1501
48190.828	    45.7317
48192.102	    47.1328
48193.391	    46.5477
48194.664	    47.1328
48196.062	    42.9185
48197.453	    43.1344
48198.773	    45.4545
48200.148	    43.6364
48201.492	    44.6429
48202.852	    44.1501
48204.219	    43.8917
48205.547	    45.1807
48206.906	    44.1501
48208.266	    44.1501
48209.578	    45.7317
48210.945	    43.8917
48212.328	    43.3839
48213.648	    45.4545
48215.016	    43.8917
48216.344	    45.1807
48217.633	    46.5477
48218.961	    45.1807
48220.258	    46.2606
48221.609	    44.3787
48223.031	    42.1941
48224.352	    45.4545
48225.727	    43.6364
48227.117	    43.1344
48228.461	    44.6429
48229.891	    41.9580
48231.289	    42.9185
48232.633	    44.6429
48234.031	    42.9185
48235.367	    44.9102
48236.711	    44.6429
48238.023	    45.7317
48239.336	    45.7317
48240.711	    43.6364
48242.078	    43.8917
48243.492	    42.4328
48245.000	    39.7878
48246.414	    42.4328
48247.875	    41.0678
48249.289	    42.4328
48250.633	    44.6429
48252.070	    41.7246
48253.453	    43.3839
48254.797	    44.6429
48256.258	    41.0678
48257.703	    41.5225
48259.141	    41.7246
48260.578	    41.7246
48261.945	    43.8917
48263.305	    44.1501
48264.648	    44.6429
48265.930	    46.8384
48267.289	    44.1501
48268.656	    43.8917
48270.016	    44.1501
48271.445	    41.9580
48272.828	    43.3839
48274.242	    42.4328
48275.656	    42.4328
48276.992	    44.9102
48278.297	    45.9770
48279.609	    45.7317
48280.852	    48.3092
48282.148	    46.2606
48283.484	    44.9102
48284.758	    47.1328
48286.109	    44.3787
48287.445	    44.9102
48288.766	    45.4545
48290.172	    42.6743
48291.508	    44.9102
48292.883	    43.6364
48294.242	    44.1501
48295.539	    46.2606
48296.836	    46.2606
48298.234	    42.9185
48299.602	    43.8917
48300.922	    45.4545
48302.305	    43.3839
48303.664	    44.1501
48305.000	    44.9102
48306.391	    43.1344
48307.719	    45.1807
48309.078	    44.1501
48310.461	    43.3839
48311.773	    45.7317
48313.156	    43.3839
48314.500	    44.6429
48315.805	    45.9770
48317.148	    44.6429
48318.492	    44.6429
48319.828	    44.9102
48321.195	    43.8917
48322.484	    46.5477
48323.820	    44.9102
48325.148	    45.1807
48326.422	    47.1328
48327.719	    46.2606
48329.078	    44.1501
48330.352	    47.1328
48331.680	    45.1807
48332.984	    45.9770
48334.211	    48.8998
48335.469	    47.6948
48336.703	    48.6224
48337.961	    47.6948
48339.344	    43.3839
48340.648	    45.9770
48341.992	    44.6429
48343.328	    44.9102
48344.609	    46.8384
48345.953	    44.6429
48347.320	    43.8917
48348.641	    45.4545
48350.023	    43.3839
48351.391	    43.8917
48352.672	    46.8384
48353.984	    45.7317
48355.250	    47.3934
48356.578	    45.1807
48357.938	    44.1501
48359.289	    44.3787
48360.695	    42.6743
48362.102	    42.6743
48363.398	    46.2606
48364.719	    45.4545
48366.039	    45.4545
48367.305	    47.3934
48368.602	    46.2606
48369.891	    46.5477
48371.133	    48.3092
48372.438	    45.9770
48373.750	    45.7317
48375.039	    46.5477
48376.414	    43.6364
48377.781	    43.8917
48379.117	    44.9102
48380.477	    44.1501
48381.812	    44.9102
48383.109	    46.2606
48384.461	    44.3787
48385.797	    44.9102
48387.070	    47.1328
48388.383	    45.7317
48389.656	    47.1328
48390.961	    45.9770
48392.297	    44.9102
48393.594	    46.2606
48394.953	    44.1501
48396.320	    43.8917
48397.625	    45.9770
48398.945	    45.4545
48400.273	    45.1807
48401.586	    45.7317
48402.977	    43.1344
48404.352	    43.6364
48405.719	    43.8917
48407.125	    42.6743
48408.484	    44.1501
48409.875	    43.1344
48411.266	    43.1344
48412.617	    44.3787
48413.969	    44.3787
48415.344	    43.6364
48416.648	    45.9770
48418.008	    44.1501
48419.375	    43.8917
48420.672	    46.2606
48422.070	    42.9185
48423.492	    42.1941
48424.867	    43.6364
48426.328	    41.0678
48427.758	    41.9580
48429.141	    43.3839
48430.555	    42.4328
48431.914	    44.1501
48433.312	    42.9185
48434.719	    42.6743
48436.055	    44.9102
48437.438	    43.3839
48438.844	    42.6743
48440.172	    45.1807
48441.602	    41.9580
48443.016	    42.4328
48444.359	    44.6429
48445.805	    41.5225
48447.211	    42.6743
48448.586	    43.6364
48450.008	    42.1941
48451.469	    41.0678
48452.969	    40.0000
48454.516	    38.7847
48456.055	    38.9864
48457.625	    38.2166
48459.133	    39.7878
48460.523	    43.1344
48461.945	    42.1941
48463.352	    42.6743
48464.695	    44.6429
48466.086	    43.1344
48467.461	    43.6364
48468.797	    44.9102
48470.188	    43.1344
48471.570	    43.3839
48472.977	    42.6743
48474.430	    41.2939
48475.820	    43.1344
48477.219	    42.9185
48478.602	    43.3839
48479.945	    44.6429
48481.367	    42.1941
48482.703	    44.9102
48484.016	    45.7317
48485.359	    44.6429
48486.664	    45.9770
48487.922	    47.6948
48489.180	    47.6948
48490.367	    50.5051
48491.570	    49.8753
48492.711	    52.5854
48493.852	    52.5854
48494.992	    52.5854
48496.102	    54.1028
48497.297	    50.2092
48498.508	    49.5458
48499.766	    47.6948
48501.102	    44.9102
48502.422	    45.4545
48503.805	    43.3839
48505.180	    43.6364
48506.461	    46.8384
48507.781	    45.4545
48509.062	    46.8384
48510.289	    48.8998
48511.547	    47.6948
48512.789	    48.3092
48514.000	    49.5458
48515.266	    47.3934
48516.539	    47.1328
48517.852	    45.7317
48519.211	    44.1501
48520.516	    45.9770
48521.859	    44.6429
48523.234	    43.6364
48524.547	    45.7317
48525.891	    44.6429
48527.227	    44.9102
48528.570	    44.6429
48529.953	    43.3839
48531.312	    44.1501
48532.695	    43.3839
48534.070	    43.6364
48535.383	    45.7317
48536.750	    43.8917
48538.141	    43.1344
48539.461	    45.4545
48540.836	    43.6364
48542.188	    44.3787
48543.477	    46.5477
48544.828	    44.3787
48546.148	    45.4545
48547.438	    46.5477
48548.805	    43.8917
48550.172	    43.8917
48551.508	    44.9102
48552.844	    44.9102
48554.164	    45.4545
48555.508	    44.6429
48556.898	    43.1344
48558.195	    46.2606
48559.539	    44.6429
48560.891	    44.3787
48562.156	    47.3934
48563.500	    44.6429
48564.828	    45.1807
48566.102	    47.1328
48567.484	    43.3839
48568.875	    43.1344
48570.219	    44.6429
48571.641	    42.1941
48573.008	    43.8917
48574.359	    44.3787
48575.852	    40.2145
48577.266	    42.4328
48578.688	    42.1941
48580.117	    41.9580
48581.430	    45.7317
48582.797	    43.8917
48584.195	    42.9185
48585.477	    46.8384
48586.797	    45.4545
48588.102	    45.9770
48589.430	    45.1807
48590.805	    43.6364
48592.109	    45.9770
48593.414	    45.9770
48594.742	    45.1807
48596.055	    45.7317
48597.438	    43.3839
48598.766	    45.1807
48600.055	    46.5477
48601.367	    45.7317
48602.617	    48.0000
48603.906	    46.5477
48605.219	    45.7317
48606.500	    46.8384
48607.844	    44.6429
48609.219	    43.6364
48610.562	    44.6429
48611.984	    42.1941
48613.375	    43.1344
48614.711	    44.9102
48616.086	    43.6364
48617.438	    44.3787
48618.781	    44.6429
48620.148	    43.8917
48621.461	    45.7317
48622.820	    44.1501
48624.195	    43.6364
48625.531	    44.9102
48626.891	    44.1501
48628.234	    44.6429
48629.547	    45.7317
48630.945	    42.9185
48632.289	    44.6429
48633.617	    45.1807
48634.938	    45.4545
48636.195	    47.6948
48637.438	    48.3092
48638.727	    46.5477
48639.961	    48.6224
48641.250	    46.5477
48642.594	    44.6429
48643.852	    47.6948
48645.188	    44.9102
48646.523	    44.9102
48647.805	    46.8384
48649.164	    44.1501
48650.508	    44.6429
48651.875	    43.8917
48653.250	    43.6364
48654.586	    44.9102
48655.953	    43.8917
48657.344	    43.1344
48658.711	    43.8917
48660.062	    44.3787
48661.531	    40.8441
48662.930	    42.9185
48664.344	    42.4328
48665.750	    42.6743
48667.055	    45.9770
48668.453	    42.9185
48669.820	    43.8917
48671.086	    47.3934
48672.406	    45.4545
48673.750	    44.6429
48675.055	    45.9770
48676.422	    43.8917
48677.773	    44.3787
48679.125	    44.3787
48680.438	    45.7317
48681.695	    47.6948
48683.031	    44.9102
48684.406	    43.6364
48685.766	    44.1501
48687.227	    41.0678
48688.633	    42.6743
48690.000	    43.8917
48691.414	    42.4328
48692.781	    43.8917
48694.148	    43.8917
48695.586	    41.7246
48696.969	    43.3839
48698.445	    40.6229
48699.961	    39.5778
48701.375	    42.4328
48702.891	    39.5778
48704.305	    42.4328
48705.703	    42.9185
48707.102	    42.9185
48708.414	    45.7317
48709.797	    43.3839
48711.203	    42.6743
48712.516	    45.7317
48713.883	    43.8917
48715.234	    44.3787
48716.562	    45.1807
48717.930	    43.8917
48719.258	    45.1807
48720.633	    43.6364
48722.016	    43.3839
48723.312	    46.2606
48724.617	    45.9770
48725.961	    44.6429
48727.242	    46.8384
48728.570	    45.1807
48729.875	    45.9770
48731.203	    45.1807
48732.547	    44.6429
48733.836	    46.5477
48735.172	    44.9102
48736.516	    44.6429
48737.797	    46.8384
48739.133	    44.9102
48740.492	    44.1501
48741.781	    46.5477
48743.086	    45.9770
48744.328	    48.3092
48745.492	    51.5464
48746.648	    51.9031
48747.836	    50.5051
48748.977	    52.5854
48750.125	    52.2648
48751.305	    50.8475
48752.453	    52.2648
48753.586	    52.9568
48754.719	    52.9568
48755.758	    57.7478
48756.781	    58.6510
48757.758	    61.4125
48758.695	    63.9659
48759.641	    63.4921
48760.586	    63.4921
48761.555	    61.9195
48762.531	    61.4125
48763.484	    62.9591
48764.430	    63.4921
48765.359	    64.5161
48766.281	    65.0759
48767.164	    67.9502
48768.055	    67.3401
48768.977	    65.0759
48769.898	    65.0759
48770.852	    62.9591
48771.867	    59.0551
48772.898	    58.1959
48773.969	    56.0748
48775.039	    56.0748
48776.141	    54.4465
48777.203	    56.4972
48778.273	    56.0748
48779.328	    56.8720
48780.352	    58.6510
48781.414	    56.4972
48782.445	    58.1959
48783.430	    60.9756
48784.461	    58.1959
48785.508	    57.3066
48786.562	    56.8720
48787.609	    57.3066
48788.758	    52.2648
48789.984	    48.8998
48791.211	    48.8998
48792.508	    46.2606
48793.805	    46.2606
48795.008	    49.8753
48796.258	    48.0000
48797.562	    45.9770
48798.859	    46.2606
48799.992	    52.9568
48801.070	    55.6586
48802.070	    60.0000
48803.039	    61.9195
48803.969	    64.5161
48804.836	    69.2042
48805.695	    69.8487
48806.516	    73.1707
48807.289	    77.6197
48808.062	    77.6197
48808.844	    76.8246
48809.672	    72.4638
48810.555	    67.9502
48811.500	    63.4921
48812.828	    45.1807
48814.172	    44.6429
48815.484	    45.7317
48816.781	    46.2606
48818.047	    47.3934
48819.102	    56.8720
48820.328	    48.8998
48821.414	    55.2486
48822.500	    55.2486
48823.602	    54.4465
48824.734	    52.9568
48825.914	    50.8475
48827.070	    51.9031
48828.188	    53.7153
48829.305	    53.7153
48830.430	    53.3333
48831.617	    50.5051
48832.805	    50.5051
48833.945	    52.5854
48835.031	    55.2486
48836.172	    52.5854
48837.430	    47.6948
48838.641	    49.5458
48839.805	    51.5464
48841.031	    48.8998
48842.305	    47.1328
48843.648	    44.6429
48844.992	    44.6429
48846.359	    43.8917
48847.797	    41.7246
48849.156	    44.1501
48850.453	    46.2606
48851.766	    45.7317
48853.109	    44.6429
48854.453	    44.6429
48855.828	    43.6364
48857.195	    43.8917
48858.445	    48.0000
48859.633	    50.5051
48860.805	    51.1945
48861.906	    54.4465
48862.969	    56.4972
48864.062	    54.8446
48865.242	    50.8475
48866.438	    50.2092
48867.555	    53.7153
48868.656	    54.4465
48869.711	    56.8720
48870.758	    57.3066
48871.789	    58.1959
48872.508	    83.4492
48873.625	    53.7153
48874.633	    59.5238
48875.688	    56.8720
48876.781	    54.8446
48877.945	    51.5464
48879.281	    44.9102
48880.688	    42.6743
48882.031	    44.6429
48883.430	    42.9185
48884.859	    41.9580
48886.195	    44.9102
48887.672	    40.6229
48889.133	    41.0678
48890.547	    42.4328
48892.023	    40.6229
48893.516	    40.2145
48894.977	    41.0678
48896.461	    40.4313
48897.961	    40.0000
48899.422	    41.0678
48900.836	    42.4328
48902.117	    46.8384
48903.445	    45.1807
48904.711	    47.3934
48905.977	    47.3934
48906.742	    78.3290
48908.086	    44.6429
48909.461	    43.6364
48910.898	    41.7246
48912.375	    40.6229
48913.820	    41.5225
48915.195	    43.6364
48916.617	    42.1941
48918.055	    41.7246
48919.469	    42.4328
48920.875	    42.6743
48922.289	    42.4328
48923.797	    39.7878
48925.281	    40.4313
48926.672	    43.1344
48928.023	    44.3787
48929.312	    46.5477
48930.523	    49.5458
48931.727	    49.8753
48932.898	    51.1945
48933.984	    55.2486
48935.016	    58.1959
48936.008	    60.4839
48936.945	    63.9659
48937.844	    66.8151
48938.727	    67.9502
48939.570	    71.0900
48940.406	    71.7703
48941.250	    71.0900
48942.086	    71.7703
48942.961	    68.5714
48943.984	    58.6510
48945.141	    51.9031
48946.359	    49.2207
48947.523	    51.5464
48948.711	    50.5051
48949.883	    51.1945
48951.023	    52.5854
48952.180	    51.9031
48953.336	    51.9031
48954.461	    53.3333
48955.594	    52.9568
48956.781	    50.5051
48957.930	    52.2648
48959.148	    49.2207
48960.414	    47.3934
48961.633	    49.2207
48962.875	    48.3092
48964.156	    46.8384
48964.961	    74.5342
48966.500	    38.9864
48967.922	    42.1941
48969.344	    42.1941
48970.789	    41.5225
48972.133	    44.6429
48973.570	    41.7246
48975.016	    41.5225
48976.453	    41.7246
48978.016	    38.4123
48979.508	    40.2145
48981.000	    40.2145
48982.297	    46.2606
48983.359	    56.4972
48985.062	    35.2319
48986.516	    41.2939
48988.000	    40.4313
48989.461	    41.0678
48990.977	    39.5778
48992.430	    41.2939
48993.836	    42.6743
48995.211	    43.6364
48996.648	    41.7246
48997.906	    47.6948
48999.367	    41.0678
49000.742	    43.6364
49002.016	    47.1328
49003.461	    41.5225
49004.914	    41.2939
49006.242	    45.1807
49007.758	    39.5778
49009.273	    39.5778
49010.766	    40.2145
49012.305	    38.9864
49013.773	    40.8441
49015.273	    40.0000
49016.734	    41.0678
49018.375	    36.5631
49019.945	    38.2166
49021.453	    39.7878
49022.852	    42.9185
49024.422	    38.2166
49025.766	    44.6429
49027.023	    47.6948
49028.484	    41.0678
49029.906	    42.1941
49031.445	    38.9864
49032.914	    40.8441
49034.383	    40.8441
49035.773	    43.1344
49036.898	    53.3333
49038.320	    42.1941
49039.625	    45.9770
49041.031	    42.6743
49042.445	    42.4328
49043.812	    43.8917
49045.281	    40.8441
49046.680	    42.9185
49048.086	    42.6743
49049.391	    45.9770
49050.766	    43.6364
49052.047	    46.8384
49053.438	    43.1344
49054.773	    44.9102
49056.156	    43.3839
49057.516	    44.1501
49058.820	    45.9770
49060.172	    44.3787
49061.461	    46.5477
49062.805	    44.6429
49064.125	    45.4545
49065.469	    44.6429
49066.828	    44.1501
49068.125	    46.2606
49069.547	    42.1941
49071.047	    40.0000
49072.539	    40.2145
49073.992	    41.2939
49075.430	    41.7246
49076.945	    39.5778
49078.414	    40.8441
49079.953	    38.9864
49081.367	    42.4328
49082.734	    43.8917
49084.094	    44.1501
49085.586	    40.2145
49086.859	    47.1328
49088.266	    42.6743
49089.680	    42.4328
49091.227	    38.7847
49092.922	    35.3982
49094.500	    38.0228
49096.109	    37.2902
49097.641	    39.1901
49099.164	    39.3959
49100.656	    40.2145
49102.031	    43.6364
49103.422	    43.1344
49104.828	    42.6743
49106.125	    46.2606
49107.430	    45.9770
49108.734	    45.9770
49110.125	    43.1344
49111.453	    45.1807
49112.828	    43.6364
49114.227	    42.9185
49115.570	    44.6429
49116.953	    43.3839
49118.281	    45.1807
49119.664	    43.3839
49121.000	    44.9102
49122.406	    42.6743
49123.828	    42.1941
49125.227	    42.9185
49126.766	    38.9864
49128.258	    40.2145
49129.688	    41.9580
49130.977	    46.5477
49132.461	    40.4313
49133.867	    42.6743
49135.312	    41.5225
49136.695	    43.3839
49138.180	    40.4313
49139.648	    40.8441
49141.188	    38.9864
49142.734	    38.7847
49144.000	    47.3934
49145.477	    40.6229
49146.961	    40.4313
49148.391	    41.9580
49149.875	    40.4313
49151.336	    41.0678
49152.734	    42.9185
49154.180	    41.5225
49155.586	    42.6743
49156.477	    67.3401
49158.375	    31.6122
49160.102	    34.7423
49161.617	    39.5778
49163.070	    41.2939
49164.516	    41.5225
49165.992	    40.6229
49167.383	    43.1344
49168.883	    40.0000
49170.383	    40.0000
49171.812	    41.9580
49173.273	    41.0678
49174.727	    41.2939
49176.180	    41.2939
49177.602	    42.1941
49178.984	    43.3839
49180.383	    42.9185
49181.711	    45.1807
49183.070	    44.1501
49184.422	    44.3787
49185.734	    45.7317
49187.102	    43.8917
49188.445	    44.6429
49189.852	    42.6743
49191.258	    42.6743
49192.602	    44.6429
49194.016	    42.4328
49195.383	    43.8917
49196.773	    43.1344
49198.156	    43.3839
49199.523	    43.8917
49200.914	    43.1344
49202.328	    42.4328
49203.656	    45.1807
49204.977	    45.4545
49206.328	    44.3787
49207.664	    44.9102
49208.930	    47.3934
49210.211	    46.8384
49211.438	    48.8998
49212.648	    49.5458
49213.945	    46.2606
49215.281	    44.9102
49216.547	    47.3934
49217.922	    43.6364
49219.352	    41.9580
49220.703	    44.3787
49222.141	    41.7246
49223.578	    41.7246
49224.945	    43.8917
49226.359	    42.4328
49227.789	    41.9580
49229.250	    41.0678
49230.734	    40.4313
49232.000	    47.3934
49233.531	    39.1901
49235.258	    34.7423
49236.906	    36.4078
49238.602	    35.3982
49240.289	    35.5450
49241.945	    36.2319
49243.594	    36.4078
49245.195	    37.4532
49246.719	    39.3959
49248.328	    37.2902
49249.797	    40.8441
49251.281	    40.4313
49252.742	    41.0678
49254.203	    41.0678
49255.594	    43.1344
49257.031	    41.7246
49257.906	    68.5714
49259.477	    38.2166
49260.922	    41.5225
49262.234	    45.7317
49263.547	    45.7317
49264.852	    45.9770
49266.234	    43.3839
49267.695	    41.0678
49269.211	    39.5778
49270.719	    39.7878
49272.117	    42.9185
49273.555	    41.7246
49274.945	    43.1344
49276.383	    41.7246
49277.805	    42.1941
49279.164	    44.1501
49280.656	    40.2145
49282.070	    42.4328
49283.461	    43.1344
49284.875	    42.4328
49286.258	    43.3839
49287.688	    41.9580
49289.148	    41.0678
49290.586	    41.7246
49292.016	    41.9580
49293.469	    41.2939
49294.875	    42.6743
49296.336	    41.0678
49297.773	    41.7246
49299.156	    43.3839
49300.562	    42.6743
49301.961	    42.9185
49303.375	    42.4328
49304.805	    41.9580
49306.188	    43.3839
49307.625	    41.7246
49309.078	    41.2939
49310.500	    42.1941
49311.945	    41.5225
49313.344	    42.9185
49314.820	    40.6229
49316.266	    41.5225
49317.664	    42.9185
49319.094	    41.9580
49320.508	    42.4328
49321.992	    40.4313
49323.477	    40.4313
49324.664	    50.5051
49326.273	    37.2902
49327.898	    36.9231
49329.375	    40.6229
49330.828	    41.2939
49332.258	    41.9580
49333.680	    42.1941
49335.047	    43.8917
49336.414	    43.8917
49337.773	    44.1501
49339.172	    42.9185
49340.609	    41.7246
49342.102	    40.2145
49343.328	    48.8998
49344.797	    40.8441
49346.242	    41.5225
49347.516	    47.1328
49348.859	    44.6429
49350.266	    42.6743
49351.617	    44.3787
49353.039	    42.1941
49354.445	    42.6743
49355.836	    43.1344
49357.273	    41.7246
49358.688	    42.4328
49360.102	    42.4328
49361.516	    42.4328
49362.766	    48.0000
49364.141	    43.6364
49365.562	    42.1941
49366.969	    42.6743
49368.430	    41.0678
49369.906	    40.6229
49371.344	    41.7246
49372.812	    40.8441
49374.273	    41.0678
49375.750	    40.6229
49377.250	    40.0000
49378.688	    41.7246
49380.180	    40.2145
49381.656	    40.6229
49383.078	    42.1941
49384.547	    40.8441
49386.000	    41.2939
49387.477	    40.6229
49389.000	    39.3959
49390.461	    41.0678
49391.227	    78.3290
49392.977	    34.2857
49394.578	    37.4532
49396.195	    37.1058
49397.766	    38.2166
49399.312	    38.7847
49400.766	    41.2939
49402.062	    46.2606
49403.359	    46.2606
49404.586	    48.8998
49405.805	    49.2207
49407.109	    45.9770
49408.461	    44.3787
49409.906	    41.5225
49411.445	    38.9864
49412.938	    40.2145
49414.461	    39.3959
49415.945	    40.4313
49417.352	    42.6743
49418.781	    41.9580
49420.164	    43.3839
49421.555	    43.1344
49423.008	    41.2939
49424.406	    42.9185
49425.312	    66.2252
49427.000	    35.5450
49428.469	    40.8441
49429.883	    42.4328
49431.320	    41.7246
49432.727	    42.6743
49434.180	    41.2939
49435.547	    43.8917
49436.930	    43.3839
49438.336	    42.6743
49439.695	    44.1501
49441.109	    42.4328
49442.516	    42.6743
49443.883	    43.8917
49445.328	    41.5225
49446.750	    42.1941
49448.164	    42.4328
49449.617	    41.2939
49450.992	    43.6364
49452.430	    41.7246
49453.859	    41.9580
49455.242	    43.3839
49456.719	    40.6229
49458.148	    41.9580
49459.570	    42.1941
49461.070	    40.0000
49462.562	    40.2145
49464.078	    39.5778
49465.625	    38.7847
49467.078	    41.2939
49468.617	    38.9864
49470.094	    40.6229
49471.570	    40.6229
49473.062	    40.2145
49474.484	    42.1941
49475.922	    41.7246
49477.398	    40.6229
49478.859	    41.0678
49480.430	    38.2166
49482.008	    38.0228
49483.547	    38.9864
49485.070	    39.3959
49486.477	    42.6743
49487.953	    40.6229
49489.469	    39.5778
49490.969	    40.0000
49492.508	    38.9864
49494.055	    38.7847
49495.570	    39.5778
49497.078	    39.7878
49498.477	    42.9185
49499.961	    40.4313
49501.477	    39.5778
49502.969	    40.2145
49504.500	    39.1901
49505.930	    41.9580
49507.391	    41.0678
49508.828	    41.7246
49510.219	    43.1344
49511.586	    43.8917
49512.867	    46.8384
49514.164	    46.2606
49515.438	    47.1328
49516.781	    44.6429
49518.047	    47.3934
49519.297	    48.0000
49520.531	    48.6224
49521.688	    51.9031
49522.891	    49.8753
49524.070	    50.8475
49525.297	    48.8998
49526.531	    48.6224
49527.703	    51.1945
49528.969	    47.3934
49530.281	    45.7317
49531.586	    45.9770
49533.000	    42.4328
49534.500	    40.0000
49536.062	    38.4123
49537.695	    36.7422
49539.312	    37.1058
49540.969	    36.2319
49542.484	    39.5778
49543.953	    40.8441
49545.430	    40.6229
49546.867	    41.7246
49548.438	    38.2166
49550.047	    37.2902
49551.852	    33.2410
49553.570	    34.9040
49555.211	    36.5631
49556.844	    36.7422
49558.414	    38.2166
49560.016	    37.4532
49561.508	    40.2145
49563.117	    37.2902
49564.656	    38.9864
49566.117	    41.0678
49567.633	    39.5778
49569.094	    41.0678
49570.562	    40.8441
49572.062	    40.0000
49573.500	    41.7246
49574.984	    40.4313
49576.461	    40.6229
49577.852	    43.1344
49579.289	    41.7246
49580.711	    42.1941
49582.102	    43.1344
49583.156	    56.8720
49583.719	    106.762
49584.539	    73.1707
49585.961	    42.1941
49587.523	    38.4123
49589.031	    39.7878
49590.578	    38.7847
49592.266	    35.5450
49593.750	    40.4313
49595.133	    43.3839
49596.406	    47.1328
49597.672	    47.3934
49598.883	    49.5458
49600.133	    48.0000
49601.555	    42.1941
49603.094	    38.9864
49604.727	    36.7422
49606.344	    37.1058
49607.844	    40.0000
49609.406	    38.4123
49610.898	    40.2145
49612.367	    40.8441
49613.805	    41.7246
49615.242	    41.7246
49616.742	    40.0000
49618.211	    40.8441
49619.680	    40.8441
49621.125	    41.5225
49621.711	   102.3891
49623.492	    33.6889
49625.219	    34.7423
49626.766	    38.7847
49628.328	    38.4123
49629.805	    40.6229
49631.195	    43.1344
49632.594	    42.9185
49634.008	    42.4328
49635.484	    40.6229
49636.992	    39.7878
49638.438	    41.5225
49639.234	    75.2823
49640.992	    34.1297
49642.547	    38.5852
49644.133	    37.8310
49645.688	    38.5852
49647.266	    38.0228
49648.852	    37.8310
49650.344	    40.2145
49651.898	    38.5852
49653.367	    40.8441
49654.820	    41.2939
49656.250	    41.9580
49657.633	    43.3839
49659.039	    42.6743
49660.469	    41.9580
49661.914	    41.5225
49663.430	    39.5778
49664.875	    41.5225
49666.344	    40.8441
49667.844	    40.0000
49669.258	    42.4328
49670.719	    41.0678
49672.133	    42.4328
49673.547	    42.4328
49675.000	    41.2939
49676.391	    43.1344
49677.820	    41.9580
49679.266	    41.5225
49680.609	    44.6429
49682.008	    42.9185
49683.375	    43.8917
49684.688	    45.7317
49686.070	    43.3839
49687.430	    44.1501
49688.828	    42.9185
49690.258	    41.9580
49691.609	    44.3787
49693.047	    41.7246
49694.477	    41.9580
49695.812	    44.9102
49697.133	    45.4545
49698.453	    45.4545
49699.750	    46.2606
49701.156	    42.6743
49702.594	    41.7246
49704.031	    41.7246
49705.484	    41.2939
49706.898	    42.4328
49708.375	    40.6229
49709.844	    40.8441
49711.234	    43.1344
49712.680	    41.5225
49714.148	    40.8441
49715.555	    42.6743
49717.016	    41.0678
49718.508	    40.2145
49719.930	    42.1941
49721.414	    40.4313
49722.875	    41.0678
49724.211	    44.9102
49725.578	    43.8917
49726.914	    44.9102
49728.172	    47.6948
49729.500	    45.1807
49730.867	    43.8917
49732.258	    43.1344
49733.922	    36.0577
49735.477	    38.5852
49737.047	    38.2166
49738.578	    39.1901
49740.016	    41.7246
49741.469	    41.2939
49742.938	    40.8441
49744.352	    42.4328
49745.805	    41.2939
49747.211	    42.6743
49748.625	    42.4328
49750.062	    41.7246
49751.469	    42.6743
49752.945	    40.6229
49754.477	    39.1901
49755.945	    40.8441
49757.422	    40.6229
49758.914	    40.2145
49760.344	    41.9580
49761.852	    39.7878
49763.250	    42.9185
49764.531	    46.8384
49765.930	    42.9185
49767.312	    43.3839
49768.656	    44.6429
49770.109	    41.2939
49771.586	    40.6229
49773.055	    40.8441
49774.555	    40.0000
49775.945	    43.1344
49777.398	    41.2939
49778.836	    41.7246
49780.172	    44.9102
49781.578	    42.6743
49782.977	    42.9185
49784.297	    45.4545
49785.750	    41.2939
49787.211	    41.0678
49788.656	    41.5225
49790.125	    40.8441
49791.578	    41.2939
49792.961	    43.3839
49794.344	    43.3839
49795.680	    44.9102
49797.023	    44.6429
49798.367	    44.6429
49799.688	    45.4545
49801.039	    44.3787
49802.398	    44.1501
49803.773	    43.6364
49805.156	    43.3839
49806.578	    42.1941
49807.930	    44.3787
49809.203	    47.1328
49810.477	    47.1328
49811.734	    47.6948
49813.023	    46.5477
49814.359	    44.9102
49815.672	    45.7317
49817.016	    44.6429
49818.336	    45.4545
49819.688	    44.3787
49821.031	    44.6429
49822.273	    48.3092
49823.531	    47.6948
49824.766	    48.6224
49825.945	    50.8475
49827.141	    50.2092
49828.375	    48.6224
49829.516	    52.5854
49830.758	    48.3092
49832.008	    48.0000
49833.227	    49.2207
49834.562	    44.9102
49835.930	    43.8917
49837.203	    47.1328
49838.547	    44.6429
49839.922	    43.6364
49841.219	    46.2606
49842.586	    43.8917
49843.984	    42.9185
49845.312	    45.1807
49846.695	    43.3839
49848.117	    42.1941
49849.445	    45.1807
49850.844	    42.9185
49852.281	    41.7246
49853.633	    44.3787
49855.000	    43.8917
49856.375	    43.6364
49857.680	    45.9770
49859.023	    44.6429
49860.375	    44.3787
49861.664	    46.5477
49862.953	    46.5477
49864.219	    47.3934
49865.477	    47.6948
49866.844	    43.8917
49868.266	    42.1941
49869.625	    44.1501
49871.039	    42.4328
49872.453	    42.4328
49873.820	    43.8917
49875.211	    43.1344
49876.508	    46.2606
49877.852	    44.6429
49879.117	    47.3934
49880.367	    48.0000
49881.672	    45.9770
49883.016	    44.6429
49884.344	    45.1807
49885.781	    41.7246
49887.219	    41.7246
49888.547	    45.1807
49889.914	    43.8917
49891.250	    44.9102
49892.516	    47.3934
49893.820	    45.9770
49895.141	    45.4545
49896.477	    44.9102
49897.812	    44.9102
49899.156	    44.6429
49900.516	    44.1501
49901.867	    44.3787
49903.250	    43.3839
49904.609	    44.1501
49905.922	    45.7317
49907.242	    45.4545
49908.492	    48.0000
49909.758	    47.3934
49911.016	    47.6948
49912.203	    50.5051
49913.445	    48.3092
49914.727	    46.8384
49915.953	    48.8998
49917.242	    46.5477
49918.500	    47.6948
49919.711	    49.5458
49920.961	    48.0000
49922.188	    48.8998
49923.359	    51.1945
49924.602	    48.3092
49925.859	    47.6948
49927.086	    48.8998
49928.383	    46.2606
49929.680	    46.2606
49930.961	    46.8384
49932.305	    44.6429
49933.594	    46.5477
49934.828	    48.6224
49936.086	    47.6948
49937.336	    48.0000
49938.555	    49.2207
49939.883	    45.1807
49941.188	    45.9770
49942.445	    47.6948
49943.828	    43.3839
49945.188	    44.1501
49946.477	    46.5477
49947.844	    43.8917
49949.188	    44.6429
49950.477	    46.5477
49951.844	    43.8917
49953.250	    42.6743
49954.578	    45.1807
49955.961	    43.3839
49957.320	    44.1501
49958.594	    47.1328
49959.992	    42.9185
49961.453	    41.0678
49962.891	    41.7246
49964.477	    37.8310
49965.930	    41.2939
49967.484	    38.5852
49968.852	    43.8917
49970.125	    47.1328
49971.438	    45.7317
49972.789	    44.3787
49974.102	    45.7317
49975.508	    42.6743
49976.914	    42.6743
49978.305	    43.1344
49979.734	    41.9580
49981.188	    41.2939
49982.648	    41.0678
49984.031	    43.3839
49985.445	    42.4328
49986.812	    43.8917
49988.086	    47.1328
49989.406	    45.4545
49990.719	    45.7317
49991.953	    48.6224
49993.258	    45.9770
49994.547	    46.5477
49995.742	    50.2092
49997.016	    47.1328
49998.281	    47.3934
49999.453	    51.1945
50000.719	    47.3934
50001.977	    47.6948
50003.164	    50.5051
50004.391	    48.8998
50005.641	    48.0000
50006.836	    50.2092
50008.109	    47.1328
50009.398	    46.5477
50010.648	    48.0000
50012.016	    43.8917
50013.414	    42.9185
50014.758	    44.6429
50016.164	    42.6743
50017.539	    43.6364
50018.844	    45.9770
50020.172	    45.1807
50021.500	    45.1807
50022.836	    44.9102
50024.250	    42.4328
50025.648	    42.9185
50027.047	    42.9185
50028.477	    41.9580
50029.812	    44.9102
50031.180	    43.8917
50032.531	    44.3787
50033.789	    47.6948
50035.117	    45.1807
50036.422	    45.9770
50037.680	    47.6948
50038.992	    45.7317
50040.258	    47.3934
50041.570	    45.7317
50042.867	    46.2606
50044.133	    47.3934
50045.453	    45.4545
50046.773	    45.4545
50048.078	    45.9770
50049.422	    44.6429
50050.758	    44.9102
50052.047	    46.5477
50053.375	    45.1807
50054.672	    46.2606
50055.984	    45.7317
50057.359	    43.6364
50058.695	    44.9102
50060.023	    45.1807
50061.375	    44.3787
50062.688	    45.7317
50063.953	    47.3934
50065.250	    46.2606
50066.547	    46.2606
50067.766	    49.2207
50069.031	    47.3934
50070.344	    45.7317
50071.641	    46.2606
50073.031	    43.1344
50074.469	    41.7246
50075.852	    43.3839
50077.273	    42.1941
50078.594	    45.4545
50079.969	    43.6364
50081.320	    44.3787
50082.633	    45.7317
50083.969	    44.9102
50085.289	    45.4545
50086.617	    45.1807
50087.945	    45.1807
50089.219	    47.1328
50090.469	    48.0000
50091.719	    48.0000
50092.953	    48.6224
50094.156	    49.8753
50095.391	    48.6224
50096.617	    48.8998
50097.766	    52.2648
50098.992	    48.8998
50100.211	    49.2207
50101.391	    50.8475
50102.648	    47.6948
50103.953	    45.9770
50105.227	    47.1328
50106.602	    43.6364
50107.961	    44.1501
50109.336	    43.6364
50110.656	    45.4545
50111.930	    47.1328
50113.211	    46.8384
50114.500	    46.5477
50115.797	    46.2606
50117.102	    45.9770
50118.422	    45.4545
50119.797	    43.6364
50121.133	    44.9102
50122.469	    44.9102
50123.844	    43.6364
50125.164	    45.4545
50126.492	    45.1807
50127.812	    45.4545
50129.094	    46.8384
50130.406	    45.7317
50131.656	    48.0000
50132.922	    47.3934
50134.164	    48.3092
50135.469	    45.9770
50136.789	    45.4545
50138.102	    45.7317
50139.477	    43.6364
50140.773	    46.2606
50142.062	    46.5477
50143.273	    49.5458
50144.422	    52.2648
50145.578	    51.9031
50146.672	    54.8446
50147.797	    53.3333
50148.906	    54.1028
50150.062	    51.9031
50151.211	    52.2648
50152.344	    52.9568
50153.547	    49.8753
50154.742	    50.2092
50155.891	    52.2648
50157.102	    49.5458
50158.242	    52.5854
50159.320	    55.6586
50160.445	    53.3333
50161.578	    52.9568
50162.656	    55.6586
50163.836	    50.8475
50165.031	    50.2092
50166.195	    51.5464
50167.500	    45.9770
50168.828	    45.1807
50170.109	    46.8384
50171.461	    44.3787
50172.664	    49.8753
50173.898	    48.6224
50175.148	    48.0000
50176.336	    50.5051
50177.594	    47.6948
50178.898	    45.9770
50180.156	    47.6948
50181.492	    44.9102
50182.867	    43.6364
50184.180	    45.7317
50185.539	    44.1501
50186.945	    42.6743
50188.227	    46.8384
50189.531	    45.9770
50190.797	    47.3934
50192.008	    49.5458
50193.242	    48.6224
50194.438	    50.2092
50195.703	    47.3934
50196.953	    48.0000
50198.258	    45.9770
50199.586	    45.1807
50200.859	    47.1328
50202.156	    46.2606
50203.438	    46.8384
50204.656	    49.2207
50205.930	    47.1328
50207.180	    48.0000
50208.383	    49.8753
50209.633	    48.0000
50210.875	    48.3092
50212.070	    50.2092
50213.344	    47.1328
50214.578	    48.6224
50215.836	    47.6948
50217.078	    48.3092
50218.266	    50.5051
50219.508	    48.3092
50220.766	    47.6948
50222.016	    48.0000
50223.305	    46.5477
50224.625	    45.4545
50225.906	    46.8384
50227.227	    45.4545
50228.523	    46.2606
50229.781	    47.6948
50230.992	    49.5458
50232.227	    48.6224
50233.492	    47.3934
50234.672	    50.8475
50235.953	    46.8384
50237.258	    45.9770
50238.492	    48.6224
50239.789	    46.2606
50241.117	    45.1807
50242.352	    48.6224
50243.633	    46.8384
50244.883	    48.0000
50246.086	    49.8753
50247.266	    50.8475
50248.477	    49.5458
50249.633	    51.9031
50250.781	    52.2648
50251.906	    53.3333
50252.984	    55.6586
50254.078	    54.8446
50255.141	    56.4972
50256.266	    53.3333
50257.484	    49.2207
50258.680	    50.2092
50259.930	    48.0000
50261.164	    48.6224
50262.492	    45.1807
50263.836	    44.6429
50265.078	    48.3092
50266.375	    46.2606
50267.648	    47.1328
50268.891	    48.3092
50270.164	    47.1328
50271.453	    46.5477
50272.781	    45.1807
50274.203	    42.1941
50275.594	    43.1344
50277.086	    40.2145
50278.617	    39.1901
50280.023	    42.6743
50281.477	    41.2939
50282.883	    42.6743
50284.273	    43.1344
50285.641	    43.8917
50286.953	    45.7317
50288.312	    44.1501
50289.680	    43.8917
50291.016	    44.9102
50292.406	    43.1344
50293.812	    42.6743
50295.172	    44.1501
50296.602	    41.9580
50297.961	    44.1501
50299.344	    43.3839
50300.695	    44.3787
50302.016	    45.4545
50303.344	    45.1807
50304.625	    46.8384
50305.969	    44.6429
50307.320	    44.3787
50308.609	    46.5477
50310.000	    43.1344
50311.344	    44.6429
50312.656	    45.7317
50314.031	    43.6364
50315.320	    46.5477
50316.633	    45.7317
50317.969	    44.9102
50319.250	    46.8384
50320.578	    45.1807
50321.875	    46.2606
50323.227	    44.3787
50324.508	    46.8384
50325.852	    44.6429
50327.172	    45.4545
50328.555	    43.3839
50329.977	    42.1941
50331.344	    43.8917
50332.773	    41.9580
50334.102	    45.1807
50335.445	    44.6429
50336.797	    44.3787
50338.047	    48.0000
50339.336	    46.5477
50340.617	    46.8384
50341.820	    49.8753
50343.094	    47.1328
50344.367	    47.1328
50345.602	    48.6224
50346.875	    47.1328
50348.062	    50.5051
50349.250	    50.5051
50350.422	    51.1945
50351.602	    50.8475
50352.797	    50.2092
50354.125	    45.1807
50355.562	    41.7246
50356.203	    93.6037
50357.578	    43.6364
50359.164	    37.8310
50360.695	    39.1901
50362.156	    41.0678
50363.492	    44.9102
50364.812	    45.4545
50366.078	    47.3934
50367.312	    48.6224
50368.562	    48.0000
50369.781	    49.2207
50370.953	    51.1945
50372.125	    51.1945
50373.344	    49.2207
50374.562	    49.2207
50375.891	    45.1807
50377.250	    44.1501
50378.555	    45.9770
50379.875	    45.4545
50381.078	    49.8753
50382.297	    49.2207
50383.531	    48.6224
50384.711	    50.8475
50385.961	    48.0000
50387.312	    44.3787
50388.625	    45.7317
50390.133	    39.7878
50391.562	    41.9580
50392.953	    43.1344
50394.281	    45.1807
50395.562	    46.8384
50396.828	    47.3934
50398.086	    47.6948
50399.398	    45.7317
50400.648	    48.0000
50401.938	    46.5477
50403.211	    47.1328
50404.438	    48.8998
50405.734	    46.2606
50407.039	    45.9770
50408.336	    46.2606
50409.617	    46.8384
50410.914	    46.2606
50412.195	    46.8384
50413.500	    45.9770
50414.758	    47.6948
50416.031	    47.1328
50417.305	    47.1328
50418.539	    48.6224
50419.789	    48.0000
50421.016	    48.8998
50422.195	    50.8475
50423.422	    48.8998
50424.602	    50.8475
50425.805	    49.8753
50427.023	    49.2207
50428.188	    51.5464
50429.383	    50.2092
50430.602	    49.2207
50431.750	    52.2648
50432.961	    49.5458
50434.156	    50.2092
50435.391	    48.6224
50436.664	    47.1328
50437.914	    48.0000
50439.227	    45.7317
50440.555	    45.1807
50441.812	    47.6948
50443.055	    48.3092
50444.273	    49.2207
50445.422	    52.2648
50446.594	    51.1945
50447.766	    51.1945
50448.922	    51.9031
50450.086	    51.5464
50451.211	    53.3333
50452.297	    55.2486
50453.391	    54.8446
50454.469	    55.6586
50455.570	    54.4465
50456.711	    52.5854
50457.828	    53.7153
50459.000	    51.1945
50460.148	    52.2648
50461.289	    52.5854
50462.453	    51.5464
50463.578	    53.3333
50464.695	    53.7153
50465.812	    53.7153
50466.922	    54.1028
50467.984	    56.4972
50469.047	    56.4972
50470.070	    58.6510
50471.102	    58.1959
50472.156	    56.8720
50473.172	    59.0551
50474.242	    56.0748
50475.336	    54.8446
50476.422	    55.2486
50477.555	    52.9568
50478.695	    52.5854
50479.781	    55.2486
50480.938	    51.9031
50482.062	    53.3333
50483.180	    53.7153
50484.305	    53.3333
50485.422	    53.7153
50486.516	    54.8446
50487.617	    54.4465
50488.734	    53.7153
50489.820	    55.2486
50490.961	    52.5854
50492.070	    54.1028
50493.180	    54.1028
50494.281	    54.4465
50495.352	    56.0748
50496.453	    54.4465
50497.555	    54.4465
50498.672	    53.7153
50499.812	    52.5854
50500.953	    52.5854
50502.141	    50.5051
50503.359	    49.2207
50504.516	    51.9031
50505.742	    48.8998
50506.961	    49.2207
50508.086	    53.3333
50509.250	    51.5464
50510.391	    52.5854
50511.492	    54.4465
50512.617	    53.3333
50513.719	    54.4465
50514.859	    52.5854
50516.000	    52.5854
50517.148	    52.2648
50518.273	    53.3333
50519.438	    51.5464
50520.562	    53.3333
50521.711	    52.2648
50522.891	    50.8475
50524.039	    52.2648
50525.141	    54.4465
50526.227	    55.2486
50527.297	    56.0748
50528.359	    56.4972
50529.430	    56.0748
50530.492	    56.4972
50531.594	    54.4465
50532.719	    53.3333
50533.844	    53.3333
50534.984	    52.5854
50536.148	    51.5464
50537.297	    52.2648
50538.469	    51.1945
50539.609	    52.5854
50540.766	    51.9031
50541.883	    53.7153
50543.055	    51.1945
50544.148	    54.8446
50545.289	    52.5854
50546.438	    52.2648
50547.547	    54.1028
50548.711	    51.5464
50549.852	    52.5854
50551.031	    50.8475
50552.211	    50.8475
50553.359	    52.2648
50554.523	    51.5464
50555.656	    52.9568
50556.773	    53.7153
50557.922	    52.2648
50559.047	    53.3333
50560.172	    53.3333
50561.297	    53.3333
50562.406	    54.1028
50563.562	    51.9031
50564.656	    54.8446
50565.789	    52.9568
50566.891	    54.4465
50567.938	    57.3066
50568.984	    57.3066
50570.023	    57.7478
50571.047	    58.6510
50572.148	    54.4465
50573.219	    56.0748
50574.328	    54.1028
50575.461	    52.9568
50576.531	    56.0748
50577.656	    53.3333
50578.789	    52.9568
50579.859	    56.0748
50581.000	    52.5854
50582.125	    53.3333
50583.180	    56.8720
50584.281	    54.4465
50585.359	    55.6586
50586.383	    58.6510
50587.461	    55.6586
50588.570	    54.1028
50589.648	    55.6586
50590.875	    48.8998
50592.164	    46.5477
50593.484	    45.4545
50594.789	    45.9770
50596.156	    43.8917
50597.453	    46.2606
50598.781	    45.1807
50600.070	    46.5477
50601.367	    46.2606
50602.609	    48.3092
50603.891	    46.8384
50605.195	    45.9770
50606.453	    47.6948
50607.711	    47.6948
50609.062	    44.3787
50610.289	    48.8998
50611.625	    44.9102
50612.922	    46.2606
50614.234	    45.7317
50615.570	    44.9102
50616.852	    46.8384
50618.094	    48.3092
50619.383	    46.5477
50620.656	    47.1328
50621.914	    47.6948
50623.219	    45.9770
50624.453	    48.6224
50625.680	    48.8998
50626.977	    46.2606
50628.188	    49.5458
50629.453	    47.3934
50630.742	    46.5477
50631.977	    48.6224
50633.234	    47.6948
50634.453	    49.2207
50635.688	    48.6224
50636.953	    47.3934
50638.180	    48.8998
50639.438	    47.6948
50640.695	    47.6948
50641.883	    50.5051
50643.133	    48.0000
50644.398	    47.3934
50645.617	    49.2207
50646.898	    46.8384
50648.148	    48.0000
50649.406	    47.6948
50650.688	    46.8384
50651.891	    49.8753
50653.125	    48.6224
50654.344	    49.2207
50655.555	    49.5458
50656.797	    48.3092
50658.031	    48.6224
50659.297	    47.3934
50660.539	    48.3092
50661.812	    47.1328
50663.117	    45.9770
50664.328	    49.5458
50665.578	    48.0000
50666.750	    51.1945
50667.898	    52.2648
50669.086	    50.5051
50670.289	    49.8753
50671.391	    54.4465
50672.531	    52.5854
50673.664	    52.9568
50674.766	    54.4465
50675.906	    52.5854
50677.047	    52.5854
50678.141	    54.8446
50679.281	    52.5854
50680.445	    51.5464
50681.555	    54.1028
50682.742	    50.5051
50683.922	    50.8475
50685.039	    53.7153
50686.180	    52.5854
50687.352	    51.1945
50688.461	    54.1028
50689.648	    50.5051
50690.836	    50.5051
50692.008	    51.1945
50693.219	    49.5458
50694.430	    49.5458
50695.586	    51.9031
50696.789	    49.8753
50697.984	    50.2092
50699.141	    51.9031
50700.352	    49.5458
50701.531	    50.8475
50702.695	    51.5464
50703.906	    49.5458
50705.109	    49.8753
50706.305	    50.2092
50707.586	    46.8384
50708.859	    47.1328
50710.109	    48.0000
50711.398	    46.5477
50712.641	    48.3092
50713.859	    49.2207
50715.070	    49.5458
50716.250	    50.8475
50717.445	    50.2092
50718.625	    50.8475
50719.828	    49.8753
50721.078	    48.0000
50722.297	    49.2207
50723.562	    47.3934
50724.828	    47.3934
50726.125	    46.2606
50727.461	    44.9102
50728.742	    46.8384
50730.078	    44.9102
50731.336	    47.6948
50732.641	    45.9770
50733.922	    46.8384
50735.188	    47.3934
50736.445	    47.6948
50737.680	    48.6224
50738.930	    48.0000
50740.172	    48.3092
50741.445	    47.1328
50742.750	    45.9770
50744.031	    46.8384
50745.359	    45.1807
50746.617	    47.6948
50747.938	    45.4545
50749.219	    46.8384
50750.508	    46.5477
50751.773	    47.3934
50753.000	    48.8998
50754.242	    48.3092
50755.477	    48.6224
50756.727	    48.0000
50758.000	    47.1328
50759.289	    46.5477
50760.602	    45.7317
50761.836	    48.6224
50763.117	    46.8384
50764.336	    49.2207
50765.578	    48.3092
50766.828	    48.0000
50767.984	    51.9031
50769.188	    49.8753
50770.406	    49.2207
50771.594	    50.5051
50772.828	    48.6224
50774.031	    49.8753
50775.273	    48.3092
50776.461	    50.5051
50777.672	    49.5458
50778.875	    49.8753
50780.047	    51.1945
50781.203	    51.9031
50782.305	    54.4465
50783.438	    52.9568
50784.555	    53.7153
50785.664	    54.1028
50786.805	    52.5854
50787.953	    52.2648
50789.070	    53.7153
50790.234	    51.5464
50791.352	    53.7153
50792.555	    49.8753
50793.711	    51.9031
50794.875	    51.5464
50795.992	    53.7153
50797.109	    53.7153
50798.211	    54.4465
50799.281	    56.0748
50800.398	    53.7153
50801.570	    51.1945
50802.719	    52.2648
50803.930	    49.5458
50805.156	    48.8998
50806.344	    50.5051
50807.570	    48.8998
50808.805	    48.6224
50809.977	    51.1945
50811.164	    50.5051
50812.305	    52.5854
50813.469	    51.5464
50814.617	    52.2648
50815.781	    51.5464
50816.992	    49.5458
50818.148	    51.9031
50819.383	    48.6224
50820.594	    49.5458
50821.445	    70.4225
50823.141	    35.3982
50824.461	    45.4545
50825.711	    48.0000
50826.883	    51.1945
50828.023	    52.5854
50829.227	    49.8753
50830.461	    48.6224
50831.719	    47.6948
50833.055	    44.9102
50834.352	    46.2606
50835.656	    45.9770
50836.906	    48.0000
50838.008	    54.4465
50839.102	    54.8446
50840.148	    57.3066
50840.930	    76.8246
50842.039	    54.1028
50842.992	    62.9591
50843.914	    65.0759
50844.844	    64.5161
50845.773	    64.5161
50846.688	    65.6455
50847.578	    67.3401
50848.477	    66.8151
50849.352	    68.5714
50850.195	    71.0900
50851.031	    71.7703
50851.828	    75.2823
50852.602	    77.6197
50853.367	    78.3290
50854.133	    78.3290
50854.922	    76.0456
50855.766	    71.0900
50856.711	    63.4921
50857.742	    58.1959
50858.977	    48.6224
50860.297	    45.4545
50861.641	    44.6429
50863.148	    39.7878
50864.648	    40.0000
50866.023	    43.6364
50867.453	    41.9580
50868.875	    42.1941
50870.422	    38.7847
50872.031	    37.2902
50873.539	    39.7878
50875.141	    37.4532
50876.711	    38.2166
50877.711	    60.0000
50879.492	    33.6889
50881.008	    39.5778
50882.594	    37.8310
50884.039	    41.5225
50885.664	    36.9231
50887.195	    39.1901
50888.945	    34.2857
50890.578	    36.7422
50892.062	    40.4313
50893.648	    37.8310
50895.156	    39.7878
50896.680	    39.3959
50898.211	    39.1901
50899.656	    41.5225
50901.102	    41.5225
50902.531	    41.9580
50903.984	    41.2939
50905.492	    39.7878
50906.922	    41.9580
50908.352	    41.9580
50909.773	    42.1941
50911.133	    44.1501
50912.516	    43.3839
50913.898	    43.3839
50915.250	    44.3787
50916.578	    45.1807
50917.859	    46.8384
50919.125	    47.3934
50920.406	    46.8384
50921.648	    48.3092
50922.734	    55.2486
50924.367	    36.7422
50925.680	    45.7317
50927.047	    43.8917
50928.344	    46.2606
50929.711	    43.8917
50931.047	    44.9102
50932.320	    47.1328
50933.672	    44.3787
50935.047	    43.6364
50936.492	    41.5225
50937.945	    41.2939
50939.312	    43.8917
50940.727	    42.4328
50942.148	    42.1941
50943.617	    40.8441
50944.703	    55.2486
50946.320	    37.1058
50947.836	    39.5778
50949.312	    40.6229
50950.695	    43.3839
50952.086	    43.1344
50953.375	    46.5477
50954.625	    48.0000
50955.938	    45.7317
50957.352	    42.4328
50958.812	    41.0678
50960.344	    39.1901
50961.859	    39.5778
50963.328	    40.8441
50964.719	    43.1344
50966.031	    45.7317
50967.367	    44.9102
50968.695	    45.1807
50969.953	    47.6948
50971.250	    46.2606
50972.562	    45.7317
50973.859	    46.2606
50975.203	    44.6429
50976.570	    43.8917
50977.844	    47.1328
50979.133	    46.5477
50980.398	    47.3934
50981.500	    54.4465
50982.953	    41.2939
50984.273	    45.4545
50985.539	    47.3934
50986.867	    45.1807
50988.164	    46.2606
50989.484	    45.4545
50990.852	    43.8917
50992.188	    44.9102
50993.555	    43.8917
50994.898	    44.6429
50996.172	    47.1328
50997.438	    47.3934
50998.641	    49.8753
50999.852	    49.5458
51001.039	    50.5051
51002.188	    52.2648
51003.406	    49.2207
51004.617	    49.5458
51005.844	    48.8998
51007.188	    44.6429
51008.531	    44.6429
51009.859	    45.1807
51011.227	    43.8917
51012.523	    46.2606
51013.844	    45.4545
51015.125	    46.8384
51016.312	    50.5051
51017.531	    49.2207
51018.742	    49.5458
51019.906	    51.5464
51021.148	    48.3092
51022.445	    46.2606
51023.742	    46.2606
51025.078	    44.9102
51026.445	    43.8917
51027.797	    44.3787
51029.172	    43.6364
51030.523	    44.3787
51031.805	    46.8384
51033.102	    46.2606
51034.406	    45.9770
51035.703	    46.2606
51037.039	    44.9102
51038.469	    41.9580
51039.852	    43.3839
51041.289	    41.7246
51042.703	    42.4328
51044.094	    43.1344
51045.523	    41.9580
51046.875	    44.3787
51048.234	    44.1501
51049.672	    41.7246
51050.992	    45.4545
51052.344	    44.3787
51053.680	    44.9102
51054.953	    47.1328
51056.320	    43.8917
51057.688	    43.8917
51058.984	    46.2606
51060.328	    44.6429
51061.672	    44.6429
51062.922	    48.0000
51064.227	    45.9770
51065.516	    46.5477
51066.758	    48.3092
51068.055	    46.2606
51069.375	    45.4545
51070.664	    46.5477
51072.023	    44.1501
51073.359	    44.9102
51074.648	    46.5477
51075.984	    44.9102
51077.281	    46.2606
51078.492	    49.5458
51079.750	    47.6948
51081.055	    45.9770
51082.289	    48.6224
51083.586	    46.2606
51084.898	    45.7317
51086.195	    46.2606
51087.562	    43.8917
51088.961	    42.9185
51090.281	    45.4545
51091.203	    65.0759
51092.852	    36.4078
51094.281	    41.9580
51095.711	    41.9580
51097.008	    46.2606
51098.250	    48.3092
51099.547	    46.2606
51100.891	    44.6429
51102.211	    45.4545
51103.562	    44.3787
51104.938	    43.6364
51106.281	    44.6429
51107.680	    42.9185
51109.070	    43.1344
51110.367	    46.2606
51111.711	    44.6429
51113.000	    46.5477
51114.227	    48.8998
51115.539	    45.7317
51116.867	    45.1807
51118.195	    45.1807
51119.617	    42.1941
51120.969	    44.3787
51122.336	    43.8917
51123.688	    44.3787
51124.938	    48.0000
51126.211	    47.1328
51127.477	    47.3934
51128.688	    49.5458
51129.953	    47.3934
51131.242	    46.5477
51132.484	    48.3092
51133.773	    46.5477
51135.086	    45.7317
51136.344	    47.6948
51137.656	    45.7317
51138.977	    45.4545
51140.250	    47.1328
51141.547	    46.2606
51142.852	    45.9770
51144.117	    47.3934
51145.406	    46.5477
51146.695	    46.5477
51147.938	    48.3092
51149.211	    47.1328
51150.508	    46.2606
51151.797	    46.5477
51153.141	    44.6429
51154.508	    43.8917
51155.859	    44.3787
51157.250	    43.1344
51158.570	    45.4545
51159.977	    42.6743
51161.359	    43.3839
51162.672	    45.7317
51164.070	    42.9185
51165.461	    43.1344
51166.914	    41.2939
51168.352	    41.7246
51169.688	    44.9102
51171.070	    43.3839
51172.500	    41.9580
51173.836	    44.9102
51175.219	    43.3839
51176.617	    42.9185
51177.953	    44.9102
51179.242	    46.5477
51180.562	    45.4545
51181.891	    45.1807
51183.125	    48.6224
51184.344	    49.2207
51185.523	    50.8475
51186.711	    50.5051
51187.891	    50.8475
51189.055	    51.5464
51190.234	    50.8475
51191.461	    48.8998
51192.758	    46.2606
51194.047	    46.5477
51195.430	    43.3839
51196.859	    41.9580
51198.242	    43.3839
51199.656	    42.4328
51201.039	    43.3839
51202.383	    44.6429
51203.734	    44.3787
51205.016	    46.8384
51206.289	    47.1328
51207.578	    46.5477
51208.820	    48.3092
51210.086	    47.3934
51211.375	    46.5477
51212.656	    46.8384
51213.914	    47.6948
51215.188	    47.1328
51216.492	    45.9770
51217.750	    47.6948
51219.078	    45.1807
51220.445	    43.8917
51221.766	    45.4545
51223.156	    43.1344
51224.539	    43.3839
51225.883	    44.6429
51227.289	    42.6743
51228.672	    43.3839
51229.992	    45.4545
51231.367	    43.6364
51232.766	    42.9185
51234.102	    44.9102
51235.508	    42.6743
51236.898	    43.1344
51238.172	    47.1328
51239.500	    45.1807
51240.906	    42.6743
51242.289	    43.3839
51243.664	    43.6364
51245.055	    43.1344
51246.430	    43.6364
51247.828	    42.9185
51249.164	    44.9102
51250.555	    43.1344
51251.898	    44.6429
51253.156	    47.6948
51254.469	    45.7317
51255.766	    46.2606
51256.992	    48.8998
51258.281	    46.5477
51259.617	    44.9102
51260.906	    46.5477
51262.273	    43.8917
51263.680	    42.6743
51265.023	    44.6429
51266.406	    43.3839
51267.797	    43.1344
51269.133	    44.9102
51270.516	    43.3839
51271.914	    42.9185
51273.305	    43.1344
51274.656	    44.3787
51275.969	    45.7317
51277.297	    45.1807
51278.609	    45.7317
51279.820	    49.5458
51281.086	    47.3934
51282.375	    46.5477
51283.648	    47.1328
51285.016	    43.8917
51286.438	    42.1941
51287.812	    43.6364
51289.242	    41.9580
51290.633	    43.1344
51292.008	    43.6364
51293.359	    44.3787
51294.727	    43.8917
51295.945	    49.2207
51297.180	    48.6224
51298.484	    45.9770
51299.859	    43.6364
51301.156	    46.2606
51302.430	    47.1328
51303.836	    42.6743
51305.250	    42.4328
51306.578	    45.1807
51307.969	    43.1344
51309.359	    43.1344
51310.695	    44.9102
51312.086	    43.1344
51313.438	    44.3787
51314.711	    47.1328
51316.133	    42.1941
51317.516	    43.3839
51318.938	    42.1941
51320.305	    43.8917
51321.664	    44.1501
51323.102	    41.7246
51324.594	    40.2145
51325.992	    42.9185
51327.438	    41.5225
51328.875	    41.7246
51330.234	    44.1501
51331.625	    43.1344
51332.984	    44.1501
51334.242	    47.6948
51335.531	    46.5477
51336.797	    47.3934
51338.031	    48.6224
51339.375	    44.6429
51340.711	    44.9102
51342.133	    42.1941
51343.648	    39.5778
51345.078	    41.9580
51346.539	    41.0678
51348.023	    40.4313
51349.469	    41.5225
51350.773	    45.9770
51352.000	    48.8998
51353.164	    51.5464
51354.305	    52.5854
51355.406	    54.4465
51356.539	    52.9568
51357.711	    51.1945
51358.859	    52.2648
51360.117	    47.6948
51361.422	    45.9770
51362.711	    46.5477
51364.133	    42.1941
51365.523	    43.1344
51366.883	    44.1501
51368.258	    43.6364
51369.617	    44.1501
51370.930	    45.7317
51372.234	    45.9770
51373.484	    48.0000
51374.719	    48.6224
51375.977	    47.6948
51377.250	    47.1328
51378.555	    45.9770
51379.867	    45.7317
51381.188	    45.4545
51382.500	    45.7317
51383.852	    44.3787
51385.195	    44.6429
51386.516	    45.4545
51387.859	    44.6429
51389.242	    43.3839
51390.539	    46.2606
51391.906	    43.8917
51393.273	    43.8917
51394.594	    45.4545
51395.914	    45.4545
51397.242	    45.1807
51398.508	    47.3934
51399.852	    44.6429
51401.211	    44.1501
51402.523	    45.7317
51403.891	    43.8917
51405.219	    45.1807
51406.523	    45.9770
51407.867	    44.6429
51409.188	    45.4545
51410.484	    46.2606
51411.812	    45.1807
51413.164	    44.3787
51414.398	    48.6224
51415.703	    45.9770
51417.000	    46.2606
51418.250	    48.0000
51419.555	    45.9770
51420.875	    45.4545
51422.164	    46.5477
51423.500	    44.9102
51424.875	    43.6364
51426.188	    45.7317
51427.539	    44.3787
51428.898	    44.1501
51430.195	    46.2606
51431.508	    45.7317
51432.742	    48.6224
51434.008	    47.3934
51435.250	    48.3092
51436.438	    50.5051
51437.648	    49.5458
51438.883	    48.6224
51440.242	    44.1501
51441.602	    44.1501
51442.977	    43.6364
51444.438	    41.0678
51445.969	    39.1901
51447.414	    41.5225
51448.805	    43.1344
51450.172	    43.8917
51451.492	    45.4545
51452.828	    44.9102
51454.125	    46.2606
51455.438	    45.7317
51456.750	    45.7317
51457.992	    48.3092
51459.312	    45.4545
51460.688	    43.6364
51462.016	    45.1807
51463.398	    43.3839
51464.797	    42.9185
51465.641	    71.0900
51467.211	    38.2166
51468.586	    43.6364
51469.953	    43.8917
51471.375	    42.1941
51472.758	    43.3839
51474.211	    41.2939
51475.844	    36.7422
51477.430	    37.8310
51478.922	    40.2145
51480.305	    43.3839
51481.727	    42.1941
51483.164	    41.7246
